iwmap 4
"script_startingnumber" 0
"000_Global" flags  active
"The Map" flags expanded 
// entity 0
{
guid "{9DB66367-2E6C-420C-AF86-FA6868DC62BE}"
"classname" "worldspawn"
"_color" "0.988235 1 0.733333"
"ambient" "0.2"
"diffusefraction" "0.35"
"spawnflags" "1.5"
"suncolor" "0.854902 0.854902 0.854902"
"sundiffusecolor" "0.843137 0.886275 1"
"sundirection" "313  133 0"
"sunlight" "0.1"
"vertexbake" "1.0"
"evmax" "31"
"evmin" "-32"
"fsi" "default"
"gravity" "800"
"lutmaterial" "luts_t7_default"
"numOmniShadowSlices" "24"
"numSpotShadowSlices" "64"
"secondsLerpToDarker" "1"
"secondsLerpToLighter" "1"
"sky_intensity_factor0" "1"
"sky_intensity_factor1" "1"
"state_alias_1" "State 1"
"state_alias_2" "State 2"
"state_alias_3" "State 3"
"state_alias_4" "State 4"
// brush 0
 {
  guid "{B49B91B7-997B-4075-BBFD-7732E9EB8951}"
  curve
  {
  contents nonColliding;
  toolFlags;
   t7_metal_worn_iron_dark
   lightmap_gray
   9 3 0 3
   (
	v 53.5 0 126 t 0 -0 0 0
	v 53.5 0 75.587967 t 0 -806.59253 0 -3.0882368
	v 53.5 0 0 t 0 -2016 0 -7.71875
   )
   (
	v 53.5 -1.5 126 t 24 -0 0.0234375 0
	v 53.5 -1.5 75.587967 t 24 -806.59253 0.0234375 -3.0882368
	v 53.5 -1.5 0 t 24 -2016 0.0234375 -7.71875
   )
   (
	v 52 -1.5 126 t 48 -0 0.046875 0
	v 52 -1.5 75.587967 t 48 -806.59253 0.046875 -3.0882368
	v 52 -1.5 0 t 48 -2016 0.046875 -7.71875
   )
   (
	v 50.5 -1.5 126 t 72 -0 0.0703125 0
	v 50.5 -1.5 75.587967 t 72 -806.59253 0.0703125 -3.0882368
	v 50.5 -1.5 0 t 72 -2016 0.0703125 -7.71875
   )
   (
	v 50.5 0 126 t 96 -0 0.09375 0
	v 50.5 0 75.587967 t 96 -806.59253 0.09375 -3.0882368
	v 50.5 0 0 t 96 -2016 0.09375 -7.71875
   )
   (
	v 50.5 1.5 126 t 120 -0 0.1171875 0
	v 50.5 1.5 75.587967 t 120 -806.59253 0.1171875 -3.0882368
	v 50.5 1.5 0 t 120 -2016 0.1171875 -7.71875
   )
   (
	v 52 1.5 126 t 144 -0 0.140625 0
	v 52 1.5 75.587967 t 144 -806.59253 0.140625 -3.0882368
	v 52 1.5 0 t 144 -2016 0.140625 -7.71875
   )
   (
	v 53.5 1.5 126 t 168 -0 0.1640625 0
	v 53.5 1.5 75.587967 t 168 -806.59253 0.1640625 -3.0882368
	v 53.5 1.5 0 t 168 -2016 0.1640625 -7.71875
   )
   (
	v 53.5 0 126 t 192 -0 0.1875 0
	v 53.5 0 75.587967 t 192 -806.59253 0.1875 -3.0882368
	v 53.5 0 0 t 192 -2016 0.1875 -7.71875
   )
  }
 }
// brush 1
 {
  guid "{A5247B8C-EE36-41BD-9CDA-8B354C8790EC}"
  curve
  {
  contents nonColliding;
  toolFlags;
   t7_metal_worn_iron_dark
   lightmap_gray
   9 3 0 3
   (
	v -50.5 0 126 t 0 -0 0 0
	v -50.5 0 75.587967 t 0 -806.59253 0 -3.0882368
	v -50.5 0 0 t 0 -2016 0 -7.71875
   )
   (
	v -50.5 -1.5 126 t 24 -0 0.0234375 0
	v -50.5 -1.5 75.587967 t 24 -806.59253 0.0234375 -3.0882368
	v -50.5 -1.5 0 t 24 -2016 0.0234375 -7.71875
   )
   (
	v -52 -1.5 126 t 48 -0 0.046875 0
	v -52 -1.5 75.587967 t 48 -806.59253 0.046875 -3.0882368
	v -52 -1.5 0 t 48 -2016 0.046875 -7.71875
   )
   (
	v -53.5 -1.5 126 t 72 -0 0.0703125 0
	v -53.5 -1.5 75.587967 t 72 -806.59253 0.0703125 -3.0882368
	v -53.5 -1.5 0 t 72 -2016 0.0703125 -7.71875
   )
   (
	v -53.5 0 126 t 96 -0 0.09375 0
	v -53.5 0 75.587967 t 96 -806.59253 0.09375 -3.0882368
	v -53.5 0 0 t 96 -2016 0.09375 -7.71875
   )
   (
	v -53.5 1.5 126 t 120 -0 0.1171875 0
	v -53.5 1.5 75.587967 t 120 -806.59253 0.1171875 -3.0882368
	v -53.5 1.5 0 t 120 -2016 0.1171875 -7.71875
   )
   (
	v -52 1.5 126 t 144 -0 0.140625 0
	v -52 1.5 75.587967 t 144 -806.59253 0.140625 -3.0882368
	v -52 1.5 0 t 144 -2016 0.140625 -7.71875
   )
   (
	v -50.5 1.5 126 t 168 -0 0.1640625 0
	v -50.5 1.5 75.587967 t 168 -806.59253 0.1640625 -3.0882368
	v -50.5 1.5 0 t 168 -2016 0.1640625 -7.71875
   )
   (
	v -50.5 0 126 t 192 -0 0.1875 0
	v -50.5 0 75.587967 t 192 -806.59253 0.1875 -3.0882368
	v -50.5 0 0 t 192 -2016 0.1875 -7.71875
   )
  }
 }
// brush 2
 {
  guid "{859231D9-B6D7-47B3-9A03-14A38A040B05}"
  curve
  {
  contents nonColliding;
  toolFlags;
   t7_metal_worn_iron_dark
   lightmap_gray
   9 3 0 2
   (
	v -52 -3.0517578e-005 122 t 0 -0 0 0
	v 0.30029297 -3.0517578e-005 122 t 0 -836.80469 0 -16.752548
	v 52 -3.0517578e-005 122 t 0 -1664 0 -33.3125
   )
   (
	v -52 1 121.99997 t 16.000488 -0 0.0234375 0
	v 0.30029297 1 121.99997 t 16.000488 -836.80469 0.0234375 -16.752548
	v 52 1 121.99997 t 16.000488 -1664 0.0234375 -33.3125
   )
   (
	v -52 1 122.99997 t 32.000488 -0 0.046875 0
	v 0.30029297 1 122.99997 t 32.000488 -836.80469 0.046875 -16.752548
	v 52 1 122.99997 t 32.000488 -1664 0.046875 -33.3125
   )
   (
	v -52 1.0000305 124 t 48.000977 -0 0.0703125 0
	v 0.30029297 1.0000305 124 t 48.000977 -836.80469 0.0703125 -16.752548
	v 52 1.0000305 124 t 48.000977 -1664 0.0703125 -33.3125
   )
   (
	v -52 3.0517578e-005 124 t 64.000977 -0 0.09375 0
	v 0.30029297 3.0517578e-005 124 t 64.000977 -836.80469 0.09375 -16.752548
	v 52 3.0517578e-005 124 t 64.000977 -1664 0.09375 -33.3125
   )
   (
	v -52 -1 124.00003 t 80.001465 -0 0.1171875 0
	v 0.30029297 -1 124.00003 t 80.001465 -836.80469 0.1171875 -16.752548
	v 52 -1 124.00003 t 80.001465 -1664 0.1171875 -33.3125
   )
   (
	v -52 -1 123.00003 t 96.001465 -0 0.140625 0
	v 0.30029297 -1 123.00003 t 96.001465 -836.80469 0.140625 -16.752548
	v 52 -1 123.00003 t 96.001465 -1664 0.140625 -33.3125
   )
   (
	v -52 -1.0000305 122 t 112.00195 -0 0.1640625 0
	v 0.30029297 -1.0000305 122 t 112.00195 -836.80469 0.1640625 -16.752548
	v 52 -1.0000305 122 t 112.00195 -1664 0.1640625 -33.3125
   )
   (
	v -52 -3.0517578e-005 122 t 128.00195 -0 0.1875 0
	v 0.30029297 -3.0517578e-005 122 t 128.00195 -836.80469 0.1875 -16.752548
	v 52 -3.0517578e-005 122 t 128.00195 -1664 0.1875 -33.3125
   )
  }
 }
// brush 3
 {
  guid "{13ED01A9-D294-47E4-8692-F471849EF97C}"
  curve
  {
  contents nonColliding;
  toolFlags;
   t7_metal_worn_iron_dark
   lightmap_gray
   9 5 0 3
   (
	v -34.5 0 126 t 0 -0 0 0
	v -34.5 0 96.273506 t 0 -475.6239 0 -3.0882368
	v -36.5 -4 64 t 0 -996.93408 0 -7.71875
	v -34.5 0 34.273506 t 0 -1477.9103 0 -3.0882368
	v -34.5 0 2 t 0 -1994.2864 0 -7.71875
   )
   (
	v -34.5 -1.5 126 t 24 -0 0.0234375 0
	v -34.5 -1.5 96.273506 t 24 -475.6239 0.0234375 -3.0882368
	v -36.5 -5.5 64 t 24 -996.93408 0.0234375 -7.71875
	v -34.5 -1.5 34.273506 t 24 -1477.9103 0.0234375 -3.0882368
	v -34.5 -1.5 2 t 24 -1994.2864 0.0234375 -7.71875
   )
   (
	v -36 -1.5 126 t 48 -0 0.046875 0
	v -36 -1.5 96.273506 t 48 -475.6239 0.046875 -3.0882368
	v -38 -5.5 64 t 48 -996.93408 0.046875 -7.71875
	v -36 -1.5 34.273506 t 48 -1477.9103 0.046875 -3.0882368
	v -36 -1.5 2 t 48 -1994.2864 0.046875 -7.71875
   )
   (
	v -37.5 -1.5 126 t 72 -0 0.0703125 0
	v -37.5 -1.5 96.273506 t 72 -475.6239 0.0703125 -3.0882368
	v -39.5 -5.5 64 t 72 -996.93408 0.0703125 -7.71875
	v -37.5 -1.5 34.273506 t 72 -1477.9103 0.0703125 -3.0882368
	v -37.5 -1.5 2 t 72 -1994.2864 0.0703125 -7.71875
   )
   (
	v -37.5 0 126 t 96 -0 0.09375 0
	v -37.5 0 96.273506 t 96 -475.6239 0.09375 -3.0882368
	v -39.5 -4 64 t 96 -996.93408 0.09375 -7.71875
	v -37.5 0 34.273506 t 96 -1477.9103 0.09375 -3.0882368
	v -37.5 0 2 t 96 -1994.2864 0.09375 -7.71875
   )
   (
	v -37.5 1.5 126 t 120 -0 0.1171875 0
	v -37.5 1.5 96.273506 t 120 -475.6239 0.1171875 -3.0882368
	v -39.5 -2.5 64 t 120 -996.93408 0.1171875 -7.71875
	v -37.5 1.5 34.273506 t 120 -1477.9103 0.1171875 -3.0882368
	v -37.5 1.5 2 t 120 -1994.2864 0.1171875 -7.71875
   )
   (
	v -36 1.5 126 t 144 -0 0.140625 0
	v -36 1.5 96.273506 t 144 -475.6239 0.140625 -3.0882368
	v -38 -2.5 64 t 144 -996.93408 0.140625 -7.71875
	v -36 1.5 34.273506 t 144 -1477.9103 0.140625 -3.0882368
	v -36 1.5 2 t 144 -1994.2864 0.140625 -7.71875
   )
   (
	v -34.5 1.5 126 t 168 -0 0.1640625 0
	v -34.5 1.5 96.273506 t 168 -475.6239 0.1640625 -3.0882368
	v -36.5 -2.5 64 t 168 -996.93408 0.1640625 -7.71875
	v -34.5 1.5 34.273506 t 168 -1477.9103 0.1640625 -3.0882368
	v -34.5 1.5 2 t 168 -1994.2864 0.1640625 -7.71875
   )
   (
	v -34.5 0 126 t 192 -0 0.1875 0
	v -34.5 0 96.273506 t 192 -475.6239 0.1875 -3.0882368
	v -36.5 -4 64 t 192 -996.93408 0.1875 -7.71875
	v -34.5 0 34.273506 t 192 -1477.9103 0.1875 -3.0882368
	v -34.5 0 2 t 192 -1994.2864 0.1875 -7.71875
   )
  }
 }
// brush 4
 {
  guid "{25F3882C-B7C1-44AC-A1BC-969A1487AE33}"
  curve
  {
  contents nonColliding;
  toolFlags;
   t7_metal_worn_iron_dark
   lightmap_gray
   9 5 0 3
   (
	v 37.5 0 126 t 0 -0 0 0
	v 37.5 0 96.273506 t 0 -475.6239 0 -3.0882368
	v 39.5 -4 64 t 0 -996.93408 0 0
	v 37.5 0 34.273506 t 0 -1477.9103 0 -3.0882368
	v 37.5 0 2 t 0 -1994.2864 0 -7.71875
   )
   (
	v 37.5 -1.5 126 t 24 -0 0.0234375 0
	v 37.5 -1.5 96.273506 t 24 -475.6239 0.0234375 -3.0882368
	v 39.5 -5.5 64 t 24 -996.93408 0.0234375 0
	v 37.5 -1.5 34.273506 t 24 -1477.9103 0.0234375 -3.0882368
	v 37.5 -1.5 2 t 24 -1994.2864 0.0234375 -7.71875
   )
   (
	v 36 -1.5 126 t 48 -0 0.046875 0
	v 36 -1.5 96.273506 t 48 -475.6239 0.046875 -3.0882368
	v 38 -5.5 64 t 48 -996.93408 0.046875 0
	v 36 -1.5 34.273506 t 48 -1477.9103 0.046875 -3.0882368
	v 36 -1.5 2 t 48 -1994.2864 0.046875 -7.71875
   )
   (
	v 34.5 -1.5 126 t 72 -0 0.0703125 0
	v 34.5 -1.5 96.273506 t 72 -475.6239 0.0703125 -3.0882368
	v 36.5 -5.5 64 t 72 -996.93408 0.0703125 0
	v 34.5 -1.5 34.273506 t 72 -1477.9103 0.0703125 -3.0882368
	v 34.5 -1.5 2 t 72 -1994.2864 0.0703125 -7.71875
   )
   (
	v 34.5 0 126 t 96 -0 0.09375 0
	v 34.5 0 96.273506 t 96 -475.6239 0.09375 -3.0882368
	v 36.5 -4 64 t 96 -996.93408 0.09375 0
	v 34.5 0 34.273506 t 96 -1477.9103 0.09375 -3.0882368
	v 34.5 0 2 t 96 -1994.2864 0.09375 -7.71875
   )
   (
	v 34.5 1.5 126 t 120 -0 0.1171875 0
	v 34.5 1.5 96.273506 t 120 -475.6239 0.1171875 -3.0882368
	v 36.5 -2.5 64 t 120 -996.93408 0.1171875 0
	v 34.5 1.5 34.273506 t 120 -1477.9103 0.1171875 -3.0882368
	v 34.5 1.5 2 t 120 -1994.2864 0.1171875 -7.71875
   )
   (
	v 36 1.5 126 t 144 -0 0.140625 0
	v 36 1.5 96.273506 t 144 -475.6239 0.140625 -3.0882368
	v 38 -2.5 64 t 144 -996.93408 0.140625 0
	v 36 1.5 34.273506 t 144 -1477.9103 0.140625 -3.0882368
	v 36 1.5 2 t 144 -1994.2864 0.140625 -7.71875
   )
   (
	v 37.5 1.5 126 t 168 -0 0.1640625 0
	v 37.5 1.5 96.273506 t 168 -475.6239 0.1640625 -3.0882368
	v 39.5 -2.5 64 t 168 -996.93408 0.1640625 0
	v 37.5 1.5 34.273506 t 168 -1477.9103 0.1640625 -3.0882368
	v 37.5 1.5 2 t 168 -1994.2864 0.1640625 -7.71875
   )
   (
	v 37.5 0 126 t 192 -0 0.1875 0
	v 37.5 0 96.273506 t 192 -475.6239 0.1875 -3.0882368
	v 39.5 -4 64 t 192 -996.93408 0.1875 0
	v 37.5 0 34.273506 t 192 -1477.9103 0.1875 -3.0882368
	v 37.5 0 2 t 192 -1994.2864 0.1875 -7.71875
   )
  }
 }
// brush 5
 {
  guid "{DF76EF89-40E2-4C44-B8D9-C82B6D0B361F}"
  mesh
  {
  contents nonColliding;
  toolFlags;
   t7_metal_chainlink_worn_snow
   lightmap_gray
   2 6 0 8
   (
	v 36 0 96.5 t 1152 -3088 0 -7.0625 f 1
	v 37.5 -2.5 80.125 t 1200 -2564 0 -5.296875 f 1
	v 37.75 -3.25 71.9375 t 1208 -2302 0 -4.4140625 f 1
	v 38 -4 63.75 t 1216 -2040 0 -3.53125
	v 36 -1 33.375 t 1152 -1068 0 -1.765625
	v 36 0 2 t 1152 -64 0 0
   )
   (
	v 27 0 112 t 864 -3584 5.968832 -7.0625
	v 24.5 -6.5 95 t 784 -3044 5.968832 -5.296875
	v 31.25 -3.25 75.1875 t 1000 -2406 5.968832 -4.4140625
	v 38 -4 63.75 t 1056 -2040 5.968832 -3.53125
	v 36 -1 33.375 t 960 -1068 5.968832 -1.765625
	v 20 0 2 t 640 -64 5.968832 0
   )
  }
 }
// brush 6
 {
  guid "{F7526570-6A71-4FA2-B390-58A0D1AB1C7F}"
  mesh
  {
  contents nonColliding;
  toolFlags;
   t7_metal_chainlink_worn_snow
   lightmap_gray
   2 6 0 8
   (
	v -28.5 0 115.5 t -912 -3696 0 -7.0625
	v -25.5 -3 93.125 t -816 -2980 0 -5.296875
	v -32 -2.5 75.1875 t -1024 -2406 0 -4.4140625
	v -31.5 -4 64.25 t -1008 -2056 0 -3.53125 f 1
	v -26 -1 33.375 t -832 -1068 0 -1.765625
	v -20 0 2 t -640 -64 0 0
   )
   (
	v -36 0 96.5 t -1152 -3088 5.968832 -7.0625
	v -37 -2.5 80.125 t -1184 -2564 5.968832 -5.296875
	v -37.5 -3.25 71.9375 t -1200 -2302 5.968832 -4.4140625
	v -38 -4 63.75 t -1216 -2040 5.968832 -3.53125
	v -36 -1 33.375 t -1152 -1068 5.968832 -1.765625
	v -36 0 2 t -1152 -64 5.968832 0
   )
  }
 }
// brush 7
 {
  guid "{6DDB6D9F-449B-4E4B-829C-68E12B5C63DA}"
  mesh
  {
  contents nonColliding;
  toolFlags;
   t7_metal_chainlink_worn_snow
   lightmap_gray
   13 2 0 8
   (
	v 52 0 123 t 1664 -3936 0 -7.0625
	v 52 0 96.5 t 1664 -3088 0 0
   )
   (
	v 36 0 123 t 1152 -3936 0 -7.0625 f 1
	v 36 0 96.5 t 1152 -3088 0 0
   )
   (
	v 20 0 123 t 640 -3936 1.492208 -7.0625 f 1
	v 27 0 112 t 864 -3584 1.492208 0
   )
   (
	v 15 0 123 t 480 -3936 1.86526 -7.0625 f 1
	v 19.75 0 115.5 t 632 -3696 1.86526 0
   )
   (
	v 10 0 123 t 320 -3936 2.238312 -7.0625
	v 9.5 0 118 t 304 -3776 2.238312 0
   )
   (
	v 4.75 0 123 t 152 -3936 2.6113639 -7.0625
	v 4.25 0 118.25 t 136 -3784 2.6113639 0
   )
   (
	v -0.5 0 123 t -16 -3936 2.984416 -7.0625
	v -1 0 118.5 t -32 -3792 2.984416 0
   )
   (
	v -6 0 123 t -192 -3936 3.3574681 -7.0625
	v -6.5 0 118.75 t -208 -3800 3.3574681 0
   )
   (
	v -11.5 0 123 t -368 -3936 3.73052 -7.0625
	v -12 0 118.5 t -384 -3792 3.73052 0
   )
   (
	v -15.75 0 123 t -504 -3936 4.1035719 -7.0625
	v -20 0 117.25 t -640 -3752 4.1035719 0
   )
   (
	v -20 0 123 t -640 -3936 4.476624 -7.0625
	v -28.5 0 115.5 t -912 -3696 4.476624 0
   )
   (
	v -36 0 123 t -1152 -3936 5.968832 -7.0625
	v -36 0 96.5 t -1152 -3088 5.968832 0
   )
   (
	v -52 0 123 t -1664 -3936 5.968832 -7.0625
	v -52 0 96.5 t -1664 -3088 5.968832 0
   )
  }
 }
// brush 8
 {
  guid "{BA0A6344-DFA6-4CBF-A1CD-2E73B0B1C200}"
  mesh
  {
  contents nonColliding;
  toolFlags;
   t7_metal_chainlink_worn_snow
   lightmap_gray
   2 6 0 8
   (
	v -36 0 96.5 t -1152 -3088 0 -7.0625
	v -37 -2.5 80.125 t -1184 -2564 0 -5.296875
	v -37.5 -3.25 71.9375 t -1200 -2302 0 -4.4140625
	v -38 -4 63.75 t -1216 -2040 0 -3.53125 f 1
	v -36 -1 33.375 t -1152 -1068 0 -1.765625
	v -36 0 2 t -1152 -64 0 0
   )
   (
	v -52 0 96.5 t -1664 -3088 5.968832 -7.0625
	v -52 0 80.125 t -1664 -2564 5.968832 -5.296875
	v -52 0 71.9375 t -1664 -2302 5.968832 -4.4140625
	v -52 0 63.75 t -1664 -2040 5.968832 -3.53125
	v -52 0 33.375 t -1664 -1068 5.968832 -1.765625
	v -52 0 2 t -1664 -64 5.968832 0
   )
  }
 }
// brush 9
 {
  guid "{0B64A481-A70A-4C1C-8425-BF8290B80786}"
  mesh
  {
  contents nonColliding;
  toolFlags;
   t7_metal_chainlink_worn_snow
   lightmap_gray
   2 6 0 8
   (
	v 52.25 0 96.5 t 1672 -3088 0 -7.0625 f 1
	v 52.25 0 80.125 t 1672 -2564 0 -5.296875 f 1
	v 52.25 0 71.9375 t 1672 -2302 0 -4.4140625 f 1
	v 52.25 0 63.75 t 1672 -2040 0 -3.53125
	v 52.25 0 33.375 t 1672 -1068 0 -1.765625 f 1
	v 52.25 0 2 t 1672 -64 0 0
   )
   (
	v 36 0 96.5 t 1152 -3088 5.968832 -7.0625
	v 37.5 -2.5 80.125 t 1200 -2564 5.968832 -5.296875
	v 37.75 -3.25 71.9375 t 1208 -2302 5.968832 -4.4140625
	v 38 -4 63.75 t 1216 -2040 5.968832 -3.53125
	v 36 -1 33.375 t 1152 -1068 5.968832 -1.765625
	v 36 0 2 t 1152 -64 5.968832 0
   )
  }
 }
// brush 10
 {
  guid "{413E8997-3D27-414C-BEA3-CD81B3AD0CEF}"
  mesh
  {
  contents nonColliding;
  toolFlags;
   t7_metal_chainlink_worn_snow
   lightmap_gray
   2 9 0 8
   (
	v -28.5 0 115.5 t -912 -3696 0 -7.0625 f 1
	v -20 0 117.25 t -640 -3752 0 -6.1796875 f 1
	v -12 0 118.5 t -384 -3792 0 -5.296875 f 1
	v -6.5 0 118.75 t -208 -3800 0 -4.4140625 f 1
	v -1 0 118.5 t -32 -3792 0 -3.53125 f 1
	v 4.25 0 118.25 t 136 -3784 0 -2.6484375
	v 9.5 0 118 t 304 -3776 0 -1.765625
	v 19.75 0 115.5 t 632 -3696 0 -0.8828125
	v 27 0 112 t 864 -3584 0 0
   )
   (
	v -25.5 -3 93.125 t -816 -2980 5.968832 -7.0625
	v -16.5625 -5 95.75 t -530 -3064 5.968832 -6.1796875
	v -10.625 -5 100.5 t -340 -3216 5.968832 -5.296875
	v -6.1875 -4.75 107.75 t -198 -3448 5.968832 -4.4140625
	v -0.75 -4.5 109 t -24 -3488 5.968832 -3.53125
	v 4.4375 -4.75 111.5 t 142 -3568 5.968832 -2.6484375
	v 9.625 -5 111 t 308 -3552 5.968832 -1.765625
	v 16.0625 -5.75 101.25 t 514 -3240 5.968832 -0.8828125
	v 24.5 -6.5 95 t 784 -3040 5.968832 0
   )
  }
 }
// brush 11
 {
  guid "{9B0F8FEB-9FE2-4389-8612-DAC12DF2D461}"
  mesh
  {
  contents nonColliding;
  toolFlags;
   t7_metal_chainlink_worn_snow
   lightmap_gray
   3 5 0 8
   (
	v 0 -19.5 109.5 t 47.103836 1131.5151 0.125 -1.625
	v -0.1875 -16.125 104.75 t -119.66405 787.35425 -0.1875 -1.625
	v -0.375 -12.25 102.5 t -34.527985 566.07874 -0.5 -1.625
	v -0.5625 -8.375 105.75 t 12.719854 395.99667 -0.8125 -1.625
	v -0.75 -4.5 109 t -9.6638947 273.0242 -1.125 -1.625
   )
   (
	v 4 -20 111.5 t 323.58365 955.38904 0.125 -1.625
	v 4.109375 -16.1875 106.875 t 169.38806 660.33417 -0.1875 -1.625
	v 4.21875 -12.375 104.75 t 130.90399 427.74374 -0.5 -1.625
	v 4.328125 -8.5625 108.125 t 151.812 312.9119 -0.8125 -1.625
	v 4.4375 -4.75 111.5 t 140.97598 185.79195 -1.125 -1.625
   )
   (
	v 7.5 -20 109.5 t 518.14294 826.36688 0.125 -1.625
	v 8.40625 -16.25 105.25 t 396.99927 587.58301 -0.1875 -1.625
	v 8.8125 -12.5 103.5 t 277.90405 431.74374 -0.5 -1.625
	v 9.21875 -8.75 107.25 t 290.90405 311.74374 -0.8125 -1.625
	v 9.625 -5 111 t 316.19199 192.76807 -1.125 -1.625
   )
  }
 }
// brush 12
 {
  guid "{637010E1-5C9F-4A17-9794-8BC62F8DB605}"
  mesh
  {
  contents nonColliding;
  toolFlags;
   t7_metal_chainlink_worn_snow
   lightmap_gray
   9 5 0 8
   (
	v 0 -4 2 t 0 -64 0.125 0
	v -5 -3 2 t -160 -64 -0.1875 0
	v -10 -2 2 t -320 -64 -0.5 0
	v -15 -1 2 t -480 -64 -0.8125 0
	v -20 0 2 t -640 -64 -1.125 -0
   )
   (
	v -16 0 34 t -512 -1088 0.125 -1.625
	v -18.5 -0.25 33.84375 t -592 -1083 -0.1875 -1.625
	v -21 -0.5 33.6875 t -672 -1078 -0.5 -1.625
	v -23.5 -0.75 33.53125 t -752 -1073 -0.8125 -1.625
	v -26 -1 33.375 t -832 -1068 -1.125 -1.625
   )
   (
	v -26 -20 62 t -450.0506 -1998.3356 0.125 -1.625
	v -26.375 -16 62.5625 t -584.92987 -2013.2637 -0.1875 -1.625
	v -27.25 -12 63.125 t -696.89758 -2019.9993 -0.5 -1.625
	v -29.125 -8 63.6875 t -850.08081 -2035.9517 -0.8125 -1.625
	v -31.5 -4 64.25 t -1008 -2056 -1.125 -1.625
   )
   (
	v -30 -20 72 t -473.6022 -2286.5913 0.125 -1.625
	v -29.5 -15.625 72.796875 t -606.08142 -2314.1399 -0.1875 -1.625
	v -29.5 -11.25 73.59375 t -719.745 -2323.2561 -0.5 -1.625
	v -30.5 -6.875 74.390625 t -851.07245 -2368.2126 -0.8125 -1.625
	v -32 -2.5 75.1875 t -1024 -2406 -1.125 -1.625
   )
   (
	v -30 -20 80 t -342.52982 -2342.9124 0.125 -1.625
	v -25.875 -16.75 82.28125 t -388.70526 -2524.4565 -0.1875 -1.625
	v -23.75 -11.5 84.5625 t -541.8891 -2685.5208 -0.5 -1.625
	v -24.125 -7.25 87.34375 t -676.76868 -2786.8083 -0.8125 -1.625
	v -25.5 -3 93.125 t -816 -2980 -1.125 -1.625
   )
   (
	v -16 -20 92 t -94.208328 -2710.5305 0.125 -1.625
	v -16.140625 -16.25 91.4375 t -259.47662 -2812.3362 -0.1875 -1.625
	v -16.28125 -12.5 91.875 t -352.04037 -2895.9688 -0.5 -1.625
	v -16.421875 -8.75 93.3125 t -452.79605 -2970.6406 -0.8125 -1.625
	v -16.5625 -5 95.75 t -530 -3064 -1.125 -1.625
   )
   (
	v -10 -20 96 t 105.98412 -2692.103 0.125 -1.625
	v -10.15625 -16.25 95.625 t -29.063877 -2840.8674 -0.1875 -1.625
	v -10.3125 -12.5 96.25 t -197.90378 -2975.554 -0.5 -1.625
	v -10.46875 -8.75 97.375 t -288.92001 -3088.353 -0.8125 -1.625
	v -10.625 -5 100.5 t -340 -3216 -1.125 -1.625
   )
   (
	v -5.5 -20 100 t 225.79224 -2795.0093 0.125 -1.625
	v -5.546875 -16.1875 100.4375 t 82.980217 -2934.6946 -0.1875 -1.625
	v -6.09375 -12.375 100.875 t -43.448166 -3136.8674 -0.5 -1.625
	v -6.140625 -8.5625 104.3125 t -170.89983 -3245.844 -0.8125 -1.625
	v -6.1875 -4.75 107.75 t -227.69606 -3469.5034 -1.125 -1.625
   )
   (
	v -2 -20 106 t 553.97968 -3113.9575 0.125 -1.625
	v -1.6875 -16.125 103.25 t 315.53943 -3160.6206 -0.1875 -1.625
	v -0.375 -12.25 102.5 t 65.822762 -3262.5874 -0.5 -1.625
	v -0.5625 -8.375 105.75 t 14.768213 -3353.2737 -0.8125 -1.625
	v -0.75 -4.5 109 t -8.6401052 -3478.7825 -1.125 -1.625
   )
  }
 }
// brush 13
 {
  guid "{2EA75119-76A8-487E-B503-A4A266FC79AD}"
  mesh
  {
  contents nonColliding;
  toolFlags;
   t7_metal_chainlink_worn_snow
   lightmap_gray
   7 5 0 8
   (
	v 8 -20 104 t -438.27148 -3751.9238 0.125 -1.625
	v 8.40625 -16.25 103.75 t -262.45633 -3642.5508 -0.1875 -1.625
	v 8.8125 -12.5 103.5 t -56.94416 -3599.7356 -0.5 -1.625
	v 9.21875 -8.75 107.25 t 308.31235 -3690.04 -0.8125 -1.625
	v 9.625 -5 111 t 308 -3552 -1.125 -1.625
   )
   (
	v 14 -20 102 t -299.51962 -3428.8596 0.125 -1.625
	v 14.515625 -16.4375 99.8125 t -34.18745 -3340.4292 -0.1875 -1.625
	v 15.03125 -12.875 99.125 t 157.41656 -3223.1995 -0.5 -1.625
	v 15.546875 -9.3125 99.4375 t 310.10773 -3149.231 -0.8125 -1.625
	v 16.0625 -5.75 101.25 t 514 -3240 -1.125 -1.625
   )
   (
	v 22 -20 90 t 64.000336 -2892.2866 0.125 -1.625
	v 20.125 -16.625 91.25 t 148.38483 -2974.2695 -0.1875 -1.625
	v 19.75 -13.25 92.5 t 316.6088 -3017.3423 -0.5 -1.625
	v 21.375 -9.875 93.75 t 514.01526 -3059.3926 -0.8125 -1.625
	v 24.5 -6.5 95 t 784 -3040 -1.125 -1.625
   )
   (
	v 28 -20 74 t 307.20151 -2371.0618 0.125 -1.625
	v 27.3125 -15.8125 74.296875 t 482.83466 -2407.1917 -0.1875 -1.625
	v 27.125 -11.625 74.59375 t 588.44983 -2427.9592 -0.5 -1.625
	v 28.9375 -7.4375 74.890625 t 788.78467 -2392.4048 -0.8125 -1.625
	v 31.25 -3.25 75.1875 t 1000 -2406 -1.125 -1.625
   )
   (
	v 28 -20 66 t 325.63675 -2123.2581 0.125 -1.625
	v 29 -15.5 65.4375 t 670.979 -2105.2629 -0.1875 -1.625
	v 31 -11.5 64.875 t 849.66559 -2096.4797 -0.5 -1.625
	v 34 -7.5 64.3125 t 1088 -2058 -0.8125 -1.625
	v 38 -4 63.75 t 1216 -2040 -1.125 -1.625
   )
   (
	v 20 -4 40 t 640 -1280 0.125 -1.625
	v 24 -3.25 38.34375 t 768 -1227 -0.1875 -1.625
	v 28 -2.5 36.6875 t 896 -1174 -0.5 -1.625
	v 32 -1.75 35.03125 t 1024 -1121 -0.8125 -1.625
	v 36 -1 33.375 t 1152 -1068 -1.125 -1.625
   )
   (
	v 12 -4 2 t 384 -64 0.125 -1.625
	v 14 -3 2 t 448 -64 -0.1875 -1.625
	v 16 -2 2 t 512 -64 -0.5 -1.625
	v 18 -1 2 t 576 -64 -0.8125 -1.625
	v 20 0 2 t 640 -64 -1.125 -1.625
   )
  }
 }
// brush 14
 {
  guid "{4D10B27D-F774-4AB1-9F85-73093AE9431B}"
  mesh
  {
  contents nonColliding;
  toolFlags;
   t7_metal_chainlink_worn_snow
   lightmap_gray
   9 5 0 8
   (
	v -20 0 2 t -640 -64 -1.125 0
	v -15 -1 2 t -480 -64 -0.8125 0
	v -10 -2 2 t -320 -64 -0.5 0
	v -5 -3 2 t -160 -64 -0.1875 0
	v 0 -4 2 t 0 -64 0.125 0
   )
   (
	v -26 -1 33.375 t -832 -1068 -1.125 -1.625
	v -23.5 -0.75 33.53125 t -752 -1073 -0.8125 -1.625
	v -21 -0.5 33.6875 t -672 -1078 -0.5 -1.625
	v -18.5 -0.25 33.84375 t -592 -1083 -0.1875 -1.625
	v -16 0 34 t -512 -1088 0.125 -1.625
   )
   (
	v -31.5 -4 64.25 t -1008 -2056 -1.125 -1.625
	v -29.125 -8 63.6875 t -850.08081 -2035.9517 -0.8125 -1.625
	v -27.25 -12 63.125 t -696.89758 -2019.9993 -0.5 -1.625
	v -26.375 -16 62.5625 t -584.92987 -2013.2637 -0.1875 -1.625
	v -26 -20 62 t -450.0506 -1998.3356 0.125 -1.625
   )
   (
	v -32 -2.5 75.1875 t -1024 -2406 -1.125 -1.625
	v -30.5 -6.875 74.390625 t -851.07245 -2368.2126 -0.8125 -1.625
	v -29.5 -11.25 73.59375 t -719.745 -2323.2561 -0.5 -1.625
	v -29.5 -15.625 72.796875 t -606.08142 -2314.1399 -0.1875 -1.625
	v -30 -20 72 t -473.6022 -2286.5913 0.125 -1.625
   )
   (
	v -25.5 -3 93.125 t -816 -2980 -1.125 -1.625
	v -24.125 -7.25 87.34375 t -676.76868 -2786.8083 -0.8125 -1.625
	v -23.75 -11.5 84.5625 t -541.8891 -2685.5208 -0.5 -1.625
	v -25.875 -16.75 82.28125 t -388.70526 -2524.4565 -0.1875 -1.625
	v -30 -20 80 t -342.52982 -2342.9124 0.125 -1.625
   )
   (
	v -16.5625 -5 95.75 t -530 -3064 -1.125 -1.625
	v -16.421875 -8.75 93.3125 t -452.79605 -2970.6406 -0.8125 -1.625
	v -16.28125 -12.5 91.875 t -352.04037 -2895.9688 -0.5 -1.625
	v -16.140625 -16.25 91.4375 t -259.47662 -2812.3362 -0.1875 -1.625
	v -16 -20 92 t -94.208328 -2710.5305 0.125 -1.625
   )
   (
	v -10.625 -5 100.5 t -340 -3216 -1.125 -1.625
	v -10.46875 -8.75 97.375 t -288.92001 -3088.353 -0.8125 -1.625
	v -10.3125 -12.5 96.25 t -197.90378 -2975.554 -0.5 -1.625
	v -10.15625 -16.25 95.625 t -29.063877 -2840.8674 -0.1875 -1.625
	v -10 -20 96 t 105.98412 -2692.103 0.125 -1.625
   )
   (
	v -6.1875 -4.75 107.75 t -227.69606 -3469.5034 -1.125 -1.625
	v -6.140625 -8.5625 104.3125 t -170.89983 -3245.844 -0.8125 -1.625
	v -6.09375 -12.375 100.875 t -43.448166 -3136.8674 -0.5 -1.625
	v -5.546875 -16.1875 100.4375 t 82.980217 -2934.6946 -0.1875 -1.625
	v -5.5 -20 100 t 225.79224 -2795.0093 0.125 -1.625
   )
   (
	v -0.75 -4.5 109 t -8.6401052 -3478.7825 -1.125 -1.625
	v -0.5625 -8.375 105.75 t 14.768213 -3353.2737 -0.8125 -1.625
	v -0.375 -12.25 102.5 t 65.822762 -3262.5874 -0.5 -1.625
	v -1.6875 -16.125 103.25 t 315.53943 -3160.6206 -0.1875 -1.625
	v -2 -20 106 t 553.97968 -3113.9575 0.125 -1.625
   )
  }
 }
// brush 15
 {
  guid "{19F57615-353F-4552-AF83-B36867E95765}"
  mesh
  {
  contents nonColliding;
  toolFlags;
   t7_metal_chainlink_worn_snow
   lightmap_gray
   7 5 0 8
   (
	v 9.625 -5 111 t 308 -3552 -1.125 -1.625
	v 9.21875 -8.75 107.25 t 308.31235 -3690.04 -0.8125 -1.625
	v 8.8125 -12.5 103.5 t -56.94416 -3599.7356 -0.5 -1.625
	v 8.40625 -16.25 103.75 t -262.45633 -3642.5508 -0.1875 -1.625
	v 8 -20 104 t -438.27148 -3751.9238 0.125 -1.625
   )
   (
	v 16.0625 -5.75 101.25 t 514 -3240 -1.125 -1.625
	v 15.546875 -9.3125 99.4375 t 310.10773 -3149.231 -0.8125 -1.625
	v 15.03125 -12.875 99.125 t 157.41656 -3223.1995 -0.5 -1.625
	v 14.515625 -16.4375 99.8125 t -34.18745 -3340.4292 -0.1875 -1.625
	v 14 -20 102 t -299.51962 -3428.8596 0.125 -1.625
   )
   (
	v 24.5 -6.5 95 t 784 -3040 -1.125 -1.625
	v 21.375 -9.875 93.75 t 514.01526 -3059.3926 -0.8125 -1.625
	v 19.75 -13.25 92.5 t 316.6088 -3017.3423 -0.5 -1.625
	v 20.125 -16.625 91.25 t 148.38483 -2974.2695 -0.1875 -1.625
	v 22 -20 90 t 64.000336 -2892.2866 0.125 -1.625
   )
   (
	v 31.25 -3.25 75.1875 t 1000 -2406 -1.125 -1.625
	v 28.9375 -7.4375 74.890625 t 788.78467 -2392.4048 -0.8125 -1.625
	v 27.125 -11.625 74.59375 t 588.44983 -2427.9592 -0.5 -1.625
	v 27.3125 -15.8125 74.296875 t 482.83466 -2407.1917 -0.1875 -1.625
	v 28 -20 74 t 307.20151 -2371.0618 0.125 -1.625
   )
   (
	v 38 -4 63.75 t 1216 -2040 -1.125 -1.625
	v 34 -7.5 64.3125 t 1088 -2058 -0.8125 -1.625
	v 31 -11.5 64.875 t 849.66559 -2096.4797 -0.5 -1.625
	v 29 -15.5 65.4375 t 670.979 -2105.2629 -0.1875 -1.625
	v 28 -20 66 t 325.63675 -2123.2581 0.125 -1.625
   )
   (
	v 36 -1 33.375 t 1152 -1068 -1.125 -1.625
	v 32 -1.75 35.03125 t 1024 -1121 -0.8125 -1.625
	v 28 -2.5 36.6875 t 896 -1174 -0.5 -1.625
	v 24 -3.25 38.34375 t 768 -1227 -0.1875 -1.625
	v 20 -4 40 t 640 -1280 0.125 -1.625
   )
   (
	v 20 0 2 t 640 -64 -1.125 -1.625
	v 18 -1 2 t 576 -64 -0.8125 -1.625
	v 16 -2 2 t 512 -64 -0.5 -1.625
	v 14 -3 2 t 448 -64 -0.1875 -1.625
	v 12 -4 2 t 384 -64 0.125 -1.625
   )
  }
 }
// brush 16
 {
  guid "{E2B8CB20-4D3F-486A-AFC8-F6543F148506}"
  mesh
  {
  contents nonColliding;
  toolFlags;
   t7_metal_chainlink_worn_snow
   lightmap_gray
   3 5 0 8
   (
	v -0.75 -4.5 109 t -9.6638947 273.0242 -1.125 -1.625
	v -0.5625 -8.375 105.75 t 12.719854 395.99667 -0.8125 -1.625
	v -0.375 -12.25 102.5 t -34.527985 566.07874 -0.5 -1.625
	v -0.1875 -16.125 104.75 t -119.66405 787.35425 -0.1875 -1.625
	v 0 -19.5 109.5 t 47.103836 1131.5151 0.125 -1.625
   )
   (
	v 4.4375 -4.75 111.5 t 140.97598 185.79195 -1.125 -1.625
	v 4.328125 -8.5625 108.125 t 151.812 312.9119 -0.8125 -1.625
	v 4.21875 -12.375 104.75 t 130.90399 427.74374 -0.5 -1.625
	v 4.109375 -16.1875 106.875 t 169.38806 660.33417 -0.1875 -1.625
	v 4 -20 111.5 t 323.58365 955.38904 0.125 -1.625
   )
   (
	v 9.625 -5 111 t 316.19199 192.76807 -1.125 -1.625
	v 9.21875 -8.75 107.25 t 290.90405 311.74374 -0.8125 -1.625
	v 8.8125 -12.5 103.5 t 277.90405 431.74374 -0.5 -1.625
	v 8.40625 -16.25 105.25 t 396.99927 587.58301 -0.1875 -1.625
	v 7.5 -20 109.5 t 518.14294 826.36688 0.125 -1.625
   )
  }
 }
// brush 17
 {
  guid "{2D03485E-7506-11E4-A74C-2C27D7F029C0}"
  curve
  {
  contents nonColliding;
  toolFlags;
   t7_snow_powder_03_blend
   lightmap_gray
   5 3 0 2
   (
	v -52 1 122.99997 c 255 255 255 0 t 0 -0 0.046875 0
	v 0.30029297 1 122.99997 c 255 255 255 0 t 0 -836.80469 0.046875 -16.752548
	v 52 1 122.99997 c 255 255 255 0 t 0 -1664 0.046875 -33.3125
   )
   (
	v -52 1.0000305 124 t 16.000488 -0 0.0703125 0
	v 0.30029297 1.0000305 124 t 16.000488 -836.80469 0.0703125 -16.752548
	v 52 1.0000305 124 t 16.000488 -1664 0.0703125 -33.3125
   )
   (
	v -52 3.0517578e-005 124 t 32.000488 -0 0.09375 0
	v 0.30029297 3.0517578e-005 124 t 32.000488 -836.80469 0.09375 -16.752548
	v 52 3.0517578e-005 124 t 32.000488 -1664 0.09375 -33.3125
   )
   (
	v -52 -1 124.00003 t 48.000977 -0 0.1171875 0
	v 0.30029297 -1 124.00003 t 48.000977 -836.80469 0.1171875 -16.752548
	v 52 -1 124.00003 t 48.000977 -1664 0.1171875 -33.3125
   )
   (
	v -52 -1 123.00003 c 255 255 255 0 t 64.000977 -0 0.140625 0
	v 0.30029297 -1 123.00003 c 255 255 255 0 t 64.000977 -836.80469 0.140625 -16.752548
	v 52 -1 123.00003 c 255 255 255 0 t 64.000977 -1664 0.140625 -33.3125
   )
   decalLayerSort "Snow"
   decalEditorSort -1
  }
 }
// brush 18
 {
  guid "{B89C5855-7506-11E4-A74C-2C27D7F029C0}"
  curve
  {
  contents nonColliding;
  toolFlags;
   t7_snow_powder_03_blend
   lightmap_gray
   9 3 0 3
   (
	v -50.5 0 126 c 255 255 255 96 t 0 -0 0 0
	v -50.5 0 75.587967 c 255 255 255 0 t 0 -806.59253 0 -3.0882368
	v -50.5 0 0 c 255 255 255 140 t 0 -2016 0 -7.71875
   )
   (
	v -50.5 -1.5 126 c 255 255 255 96 t 24 -0 0.0234375 0
	v -50.5 -1.5 75.587967 c 255 255 255 0 t 24 -806.59253 0.0234375 -3.0882368
	v -50.5 -1.5 0 c 255 255 255 140 t 24 -2016 0.0234375 -7.71875
   )
   (
	v -52 -1.5 126 c 255 255 255 96 t 48 -0 0.046875 0
	v -52 -1.5 75.587967 c 255 255 255 0 t 48 -806.59253 0.046875 -3.0882368
	v -52 -1.5 0 c 255 255 255 140 t 48 -2016 0.046875 -7.71875
   )
   (
	v -53.5 -1.5 126 c 255 255 255 96 t 72 -0 0.0703125 0
	v -53.5 -1.5 75.587967 c 255 255 255 0 t 72 -806.59253 0.0703125 -3.0882368
	v -53.5 -1.5 0 c 255 255 255 140 t 72 -2016 0.0703125 -7.71875
   )
   (
	v -53.5 0 126 c 255 255 255 96 t 96 -0 0.09375 0
	v -53.5 0 75.587967 c 255 255 255 0 t 96 -806.59253 0.09375 -3.0882368
	v -53.5 0 0 c 255 255 255 140 t 96 -2016 0.09375 -7.71875
   )
   (
	v -53.5 1.5 126 c 255 255 255 96 t 120 -0 0.1171875 0
	v -53.5 1.5 75.587967 c 255 255 255 0 t 120 -806.59253 0.1171875 -3.0882368
	v -53.5 1.5 0 c 255 255 255 140 t 120 -2016 0.1171875 -7.71875
   )
   (
	v -52 1.5 126 c 255 255 255 96 t 144 -0 0.140625 0
	v -52 1.5 75.587967 c 255 255 255 0 t 144 -806.59253 0.140625 -3.0882368
	v -52 1.5 0 c 255 255 255 140 t 144 -2016 0.140625 -7.71875
   )
   (
	v -50.5 1.5 126 c 255 255 255 96 t 168 -0 0.1640625 0
	v -50.5 1.5 75.587967 c 255 255 255 0 t 168 -806.59253 0.1640625 -3.0882368
	v -50.5 1.5 0 c 255 255 255 140 t 168 -2016 0.1640625 -7.71875
   )
   (
	v -50.5 0 126 c 255 255 255 96 t 192 -0 0.1875 0
	v -50.5 0 75.587967 c 255 255 255 0 t 192 -806.59253 0.1875 -3.0882368
	v -50.5 0 0 c 255 255 255 140 t 192 -2016 0.1875 -7.71875
   )
   decalLayerSort "Snow"
   decalEditorSort -1
  }
 }
// brush 19
 {
  guid "{B89C5856-7506-11E4-A74C-2C27D7F029C0}"
  curve
  {
  contents nonColliding;
  toolFlags;
   t7_snow_powder_03_blend
   lightmap_gray
   9 5 0 3
   (
	v -34.5 0 126 c 255 255 255 96 t 0 -0 0 0
	v -34.5 0 96.273506 t 0 -475.6239 0 -3.0882368
	v -36.5 -4 64 c 255 255 255 0 t 0 -996.93408 0 -7.71875
	v -34.5 0 34.273506 t 0 -1477.9103 0 -3.0882368
	v -34.5 0 2 c 255 255 255 140 t 0 -1994.2864 0 -7.71875
   )
   (
	v -34.5 -1.5 126 c 255 255 255 96 t 24 -0 0.0234375 0
	v -34.5 -1.5 96.273506 t 24 -475.6239 0.0234375 -3.0882368
	v -36.5 -5.5 64 c 255 255 255 0 t 24 -996.93408 0.0234375 -7.71875
	v -34.5 -1.5 34.273506 t 24 -1477.9103 0.0234375 -3.0882368
	v -34.5 -1.5 2 c 255 255 255 140 t 24 -1994.2864 0.0234375 -7.71875
   )
   (
	v -36 -1.5 126 c 255 255 255 96 t 48 -0 0.046875 0
	v -36 -1.5 96.273506 t 48 -475.6239 0.046875 -3.0882368
	v -38 -5.5 64 c 255 255 255 0 t 48 -996.93408 0.046875 -7.71875
	v -36 -1.5 34.273506 t 48 -1477.9103 0.046875 -3.0882368
	v -36 -1.5 2 c 255 255 255 140 t 48 -1994.2864 0.046875 -7.71875
   )
   (
	v -37.5 -1.5 126 c 255 255 255 96 t 72 -0 0.0703125 0
	v -37.5 -1.5 96.273506 t 72 -475.6239 0.0703125 -3.0882368
	v -39.5 -5.5 64 c 255 255 255 0 t 72 -996.93408 0.0703125 -7.71875
	v -37.5 -1.5 34.273506 t 72 -1477.9103 0.0703125 -3.0882368
	v -37.5 -1.5 2 c 255 255 255 140 t 72 -1994.2864 0.0703125 -7.71875
   )
   (
	v -37.5 0 126 c 255 255 255 96 t 96 -0 0.09375 0
	v -37.5 0 96.273506 t 96 -475.6239 0.09375 -3.0882368
	v -39.5 -4 64 c 255 255 255 0 t 96 -996.93408 0.09375 -7.71875
	v -37.5 0 34.273506 t 96 -1477.9103 0.09375 -3.0882368
	v -37.5 0 2 c 255 255 255 140 t 96 -1994.2864 0.09375 -7.71875
   )
   (
	v -37.5 1.5 126 c 255 255 255 96 t 120 -0 0.1171875 0
	v -37.5 1.5 96.273506 t 120 -475.6239 0.1171875 -3.0882368
	v -39.5 -2.5 64 c 255 255 255 0 t 120 -996.93408 0.1171875 -7.71875
	v -37.5 1.5 34.273506 t 120 -1477.9103 0.1171875 -3.0882368
	v -37.5 1.5 2 c 255 255 255 140 t 120 -1994.2864 0.1171875 -7.71875
   )
   (
	v -36 1.5 126 c 255 255 255 96 t 144 -0 0.140625 0
	v -36 1.5 96.273506 t 144 -475.6239 0.140625 -3.0882368
	v -38 -2.5 64 c 255 255 255 0 t 144 -996.93408 0.140625 -7.71875
	v -36 1.5 34.273506 t 144 -1477.9103 0.140625 -3.0882368
	v -36 1.5 2 c 255 255 255 140 t 144 -1994.2864 0.140625 -7.71875
   )
   (
	v -34.5 1.5 126 c 255 255 255 96 t 168 -0 0.1640625 0
	v -34.5 1.5 96.273506 t 168 -475.6239 0.1640625 -3.0882368
	v -36.5 -2.5 64 c 255 255 255 0 t 168 -996.93408 0.1640625 -7.71875
	v -34.5 1.5 34.273506 t 168 -1477.9103 0.1640625 -3.0882368
	v -34.5 1.5 2 c 255 255 255 140 t 168 -1994.2864 0.1640625 -7.71875
   )
   (
	v -34.5 0 126 c 255 255 255 96 t 192 -0 0.1875 0
	v -34.5 0 96.273506 t 192 -475.6239 0.1875 -3.0882368
	v -36.5 -4 64 c 255 255 255 0 t 192 -996.93408 0.1875 -7.71875
	v -34.5 0 34.273506 t 192 -1477.9103 0.1875 -3.0882368
	v -34.5 0 2 c 255 255 255 140 t 192 -1994.2864 0.1875 -7.71875
   )
   decalLayerSort "Snow"
   decalEditorSort -1
  }
 }
// brush 20
 {
  guid "{B89C5857-7506-11E4-A74C-2C27D7F029C0}"
  curve
  {
  contents nonColliding;
  toolFlags;
   t7_snow_powder_03_blend
   lightmap_gray
   9 5 0 3
   (
	v 37.5 0 126 c 255 255 255 96 t 0 -0 0 0
	v 37.5 0 96.273506 t 0 -475.6239 0 -3.0882368
	v 39.5 -4 64 c 255 255 255 0 t 0 -996.93408 0 0
	v 37.5 0 34.273506 t 0 -1477.9103 0 -3.0882368
	v 37.5 0 2 c 255 255 255 140 t 0 -1994.2864 0 -7.71875
   )
   (
	v 37.5 -1.5 126 c 255 255 255 96 t 24 -0 0.0234375 0
	v 37.5 -1.5 96.273506 t 24 -475.6239 0.0234375 -3.0882368
	v 39.5 -5.5 64 c 255 255 255 0 t 24 -996.93408 0.0234375 0
	v 37.5 -1.5 34.273506 t 24 -1477.9103 0.0234375 -3.0882368
	v 37.5 -1.5 2 c 255 255 255 140 t 24 -1994.2864 0.0234375 -7.71875
   )
   (
	v 36 -1.5 126 c 255 255 255 96 t 48 -0 0.046875 0
	v 36 -1.5 96.273506 t 48 -475.6239 0.046875 -3.0882368
	v 38 -5.5 64 c 255 255 255 0 t 48 -996.93408 0.046875 0
	v 36 -1.5 34.273506 t 48 -1477.9103 0.046875 -3.0882368
	v 36 -1.5 2 c 255 255 255 140 t 48 -1994.2864 0.046875 -7.71875
   )
   (
	v 34.5 -1.5 126 c 255 255 255 96 t 72 -0 0.0703125 0
	v 34.5 -1.5 96.273506 t 72 -475.6239 0.0703125 -3.0882368
	v 36.5 -5.5 64 c 255 255 255 0 t 72 -996.93408 0.0703125 0
	v 34.5 -1.5 34.273506 t 72 -1477.9103 0.0703125 -3.0882368
	v 34.5 -1.5 2 c 255 255 255 140 t 72 -1994.2864 0.0703125 -7.71875
   )
   (
	v 34.5 0 126 c 255 255 255 96 t 96 -0 0.09375 0
	v 34.5 0 96.273506 t 96 -475.6239 0.09375 -3.0882368
	v 36.5 -4 64 c 255 255 255 0 t 96 -996.93408 0.09375 0
	v 34.5 0 34.273506 t 96 -1477.9103 0.09375 -3.0882368
	v 34.5 0 2 c 255 255 255 140 t 96 -1994.2864 0.09375 -7.71875
   )
   (
	v 34.5 1.5 126 c 255 255 255 96 t 120 -0 0.1171875 0
	v 34.5 1.5 96.273506 t 120 -475.6239 0.1171875 -3.0882368
	v 36.5 -2.5 64 c 255 255 255 0 t 120 -996.93408 0.1171875 0
	v 34.5 1.5 34.273506 t 120 -1477.9103 0.1171875 -3.0882368
	v 34.5 1.5 2 c 255 255 255 140 t 120 -1994.2864 0.1171875 -7.71875
   )
   (
	v 36 1.5 126 c 255 255 255 96 t 144 -0 0.140625 0
	v 36 1.5 96.273506 t 144 -475.6239 0.140625 -3.0882368
	v 38 -2.5 64 c 255 255 255 0 t 144 -996.93408 0.140625 0
	v 36 1.5 34.273506 t 144 -1477.9103 0.140625 -3.0882368
	v 36 1.5 2 c 255 255 255 140 t 144 -1994.2864 0.140625 -7.71875
   )
   (
	v 37.5 1.5 126 c 255 255 255 96 t 168 -0 0.1640625 0
	v 37.5 1.5 96.273506 t 168 -475.6239 0.1640625 -3.0882368
	v 39.5 -2.5 64 c 255 255 255 0 t 168 -996.93408 0.1640625 0
	v 37.5 1.5 34.273506 t 168 -1477.9103 0.1640625 -3.0882368
	v 37.5 1.5 2 c 255 255 255 140 t 168 -1994.2864 0.1640625 -7.71875
   )
   (
	v 37.5 0 126 c 255 255 255 96 t 192 -0 0.1875 0
	v 37.5 0 96.273506 t 192 -475.6239 0.1875 -3.0882368
	v 39.5 -4 64 c 255 255 255 0 t 192 -996.93408 0.1875 0
	v 37.5 0 34.273506 t 192 -1477.9103 0.1875 -3.0882368
	v 37.5 0 2 c 255 255 255 140 t 192 -1994.2864 0.1875 -7.71875
   )
   decalLayerSort "Snow"
   decalEditorSort -1
  }
 }
// brush 21
 {
  guid "{B89C5858-7506-11E4-A74C-2C27D7F029C0}"
  curve
  {
  contents nonColliding;
  toolFlags;
   t7_snow_powder_03_blend
   lightmap_gray
   9 3 0 3
   (
	v 53.5 0 126 c 255 255 255 96 t 0 -0 0 0
	v 53.5 0 75.587967 c 255 255 255 0 t 0 -806.59253 0 -3.0882368
	v 53.5 0 0 c 255 255 255 140 t 0 -2016 0 -7.71875
   )
   (
	v 53.5 -1.5 126 c 255 255 255 96 t 24 -0 0.0234375 0
	v 53.5 -1.5 75.587967 c 255 255 255 0 t 24 -806.59253 0.0234375 -3.0882368
	v 53.5 -1.5 0 c 255 255 255 140 t 24 -2016 0.0234375 -7.71875
   )
   (
	v 52 -1.5 126 c 255 255 255 96 t 48 -0 0.046875 0
	v 52 -1.5 75.587967 c 255 255 255 0 t 48 -806.59253 0.046875 -3.0882368
	v 52 -1.5 0 c 255 255 255 140 t 48 -2016 0.046875 -7.71875
   )
   (
	v 50.5 -1.5 126 c 255 255 255 96 t 72 -0 0.0703125 0
	v 50.5 -1.5 75.587967 c 255 255 255 0 t 72 -806.59253 0.0703125 -3.0882368
	v 50.5 -1.5 0 c 255 255 255 140 t 72 -2016 0.0703125 -7.71875
   )
   (
	v 50.5 0 126 c 255 255 255 96 t 96 -0 0.09375 0
	v 50.5 0 75.587967 c 255 255 255 0 t 96 -806.59253 0.09375 -3.0882368
	v 50.5 0 0 c 255 255 255 140 t 96 -2016 0.09375 -7.71875
   )
   (
	v 50.5 1.5 126 c 255 255 255 96 t 120 -0 0.1171875 0
	v 50.5 1.5 75.587967 c 255 255 255 0 t 120 -806.59253 0.1171875 -3.0882368
	v 50.5 1.5 0 c 255 255 255 140 t 120 -2016 0.1171875 -7.71875
   )
   (
	v 52 1.5 126 c 255 255 255 96 t 144 -0 0.140625 0
	v 52 1.5 75.587967 c 255 255 255 0 t 144 -806.59253 0.140625 -3.0882368
	v 52 1.5 0 c 255 255 255 140 t 144 -2016 0.140625 -7.71875
   )
   (
	v 53.5 1.5 126 c 255 255 255 96 t 168 -0 0.1640625 0
	v 53.5 1.5 75.587967 c 255 255 255 0 t 168 -806.59253 0.1640625 -3.0882368
	v 53.5 1.5 0 c 255 255 255 140 t 168 -2016 0.1640625 -7.71875
   )
   (
	v 53.5 0 126 c 255 255 255 96 t 192 -0 0.1875 0
	v 53.5 0 75.587967 c 255 255 255 0 t 192 -806.59253 0.1875 -3.0882368
	v 53.5 0 0 c 255 255 255 140 t 192 -2016 0.1875 -7.71875
   )
   decalLayerSort "Snow"
   decalEditorSort -1
  }
 }
}
// entity 1
{
guid "{19810093-3F49-4202-8EB4-F03F9D1E9CB0}"
"classname" "func_group"
"type" "patchCapped"
// brush 0
 {
  guid "{6E932B71-A580-449C-9270-95882689789C}"
  curve
  {
  toolFlags;
   t7_metal_worn_iron_dark
   lightmap_gray
   9 3 0 2
   (
	v -52.5 0 95.5 t 0 -0 0 0
	v -30.91626 2.5 97.5 t 0 -349.11832 0 -3.3159294
	v -21.5 -9.5 91.5 t 0 -611.37488 0 -6.5937538
   )
   (
	v -52.5 1 95.5 t 16 -0 0.01953125 0
