// Export filename: 'C:\Program Files (x86)\Steam\steamapps\common\Call of Duty Black Ops III\xanim_export\black_ops_2\sliquifier\viewmodel_zombie_slickgun_reload_empty.xanim_export'
// Source filename: 'C:\Program Files (x86)\Steam\steamapps\common\Call of Duty Black Ops III\model_export\black_ops_2\t6_wpn_zmb_slipgun\rig.mb'
// Export time: Mon Apr 10 2017, 17:18:41
ANIMATION
VERSION 3

NUMPARTS 126
PART 0 "tag_torso"
PART 1 "j_shoulder_le"
PART 2 "j_shoulder_ri"
PART 3 "tag_weapon_left"
PART 4 "tag_weapon_right"
PART 5 "j_elbow_le"
PART 6 "j_elbow_ri"
PART 7 "tag_weapon"
PART 8 "j_elbow_bulge_le"
PART 9 "j_sleeve1_01_le"
PART 10 "j_sleeve1_02_le"
PART 11 "j_sleeve1_03_le"
PART 12 "j_sleeve1_04_le"
PART 13 "j_sleeve1_05_le"
PART 14 "j_sleeve1_06_le"
PART 15 "j_sleeve2_01_le"
PART 16 "j_sleeve2_02_le"
PART 17 "j_sleeve2_03_le"
PART 18 "j_sleeve2_04_le"
PART 19 "j_sleeve2_05_le"
PART 20 "j_sleeve2_06_le"
PART 21 "j_sleeve3_01_le"
PART 22 "j_sleeve3_02_le"
PART 23 "j_sleeve3_03_le"
PART 24 "j_sleeve3_04_le"
PART 25 "j_sleeve3_05_le"
PART 26 "j_sleeve3_06_le"
PART 27 "j_wrist_le"
PART 28 "j_wristtwist1_le"
PART 29 "j_wristtwist2_le"
PART 30 "j_wristtwist3_le"
PART 31 "j_wristtwist4_le"
PART 32 "j_wristtwist5_le"
PART 33 "j_wristtwist6_le"
PART 34 "j_wristtwist_le"
PART 35 "j_elbow_bulge_ri"
PART 36 "j_sleeve1_01_ri"
PART 37 "j_sleeve1_02_ri"
PART 38 "j_sleeve1_03_ri"
PART 39 "j_sleeve1_04_ri"
PART 40 "j_sleeve1_05_ri"
PART 41 "j_sleeve1_06_ri"
PART 42 "j_sleeve2_01_ri"
PART 43 "j_sleeve2_02_ri"
PART 44 "j_sleeve2_03_ri"
PART 45 "j_sleeve2_04_ri"
PART 46 "j_sleeve2_05_ri"
PART 47 "j_sleeve2_06_ri"
PART 48 "j_sleeve3_01_ri"
PART 49 "j_sleeve3_02_ri"
PART 50 "j_sleeve3_03_ri"
PART 51 "j_sleeve3_04_ri"
PART 52 "j_sleeve3_05_ri"
PART 53 "j_sleeve3_06_ri"
PART 54 "j_wrist_ri"
PART 55 "j_wristtwist1_ri"
PART 56 "j_wristtwist2_ri"
PART 57 "j_wristtwist3_ri"
PART 58 "j_wristtwist4_ri"
PART 59 "j_wristtwist5_ri"
PART 60 "j_wristtwist6_ri"
PART 61 "j_wristtwist_ri"
PART 62 "j_bolt"
PART 63 "j_coil_rear"
PART 64 "j_reload"
PART 65 "tag_clip"
PART 66 "tag_flash"
PART 67 "tag_fx"
PART 68 "tag_fx1"
PART 69 "tag_fx2"
PART 70 "tag_fx_clip"
PART 71 "tag_fx_reload"
PART 72 "j_indexbase_le"
PART 73 "j_mid_le_1"
PART 74 "j_pinkybase_le"
PART 75 "j_ringbase_le"
PART 76 "j_thumb_le_1"
PART 77 "j_wristcrease2_le"
PART 78 "j_wristcrease_le"
PART 79 "j_indexbase_ri"
PART 80 "j_mid_ri_1"
PART 81 "j_pinkybase_ri"
PART 82 "j_ringbase_ri"
PART 83 "j_thumb_ri_1"
PART 84 "j_wristcrease2_ri"
PART 85 "j_wristcrease_ri"
PART 86 "j_coil_front"
PART 87 "j_coil_rear1"
PART 88 "j_index_le_1"
PART 89 "j_indexretract_le"
PART 90 "j_mid_le_2"
PART 91 "j_pinky_le_1"
PART 92 "j_ring_le_1"
PART 93 "j_thumb_le_2"
PART 94 "j_index_ri_1"
PART 95 "j_indexretract_ri"
PART 96 "j_mid_ri_2"
PART 97 "j_pinky_ri_1"
PART 98 "j_ring_ri_1"
PART 99 "j_thumb_ri_2"
PART 100 "j_coil_rear2"
PART 101 "j_index_le_2"
PART 102 "j_mid_le_3"
PART 103 "j_pinky_le_2"
PART 104 "j_ring_le_2"
PART 105 "j_thumb_le_3"
PART 106 "j_index_ri_2"
PART 107 "j_mid_ri_3"
PART 108 "j_pinky_ri_2"
PART 109 "j_ring_ri_2"
PART 110 "j_thumb_ri_3"
PART 111 "j_coil_rear3"
PART 112 "j_index_le_3"
PART 113 "j_pinky_le_3"
PART 114 "j_ring_le_3"
PART 115 "j_index_ri_3"
PART 116 "j_pinky_ri_3"
PART 117 "j_ring_ri_3"
PART 118 "j_coil_rear4"
PART 119 "j_coil_rear5"
PART 120 "j_coil_rear6"
PART 121 "tag_cambone"
PART 122 "tag_camera"
PART 123 "tag_fill_light"
PART 124 "tag_flashlight"
PART 125 "tag_gasmask"
FRAMERATE 30
NUMFRAMES 133
FRAME 0
PART 0
OFFSET -4.631834, 0.000000, -1.376955
SCALE 1.000000, 1.000000, 1.000000
X 1.000000, 0.000000, 0.000000
Y 0.000000, 1.000000, 0.000000
Z 0.000000, 0.000000, 1.000000

PART 1
OFFSET 4.370507, 7.642673, -8.546553
SCALE 1.000000, 1.000000, 1.000000
X 0.852413, -0.073824, -0.517624
Y -0.269814, 0.785882, -0.556414
Z 0.447859, 0.613941, 0.649983

PART 2
OFFSET -13.546850, -4.935266, -2.547125
SCALE 1.000000, 1.000000, 1.000000
X -0.679220, 0.252907, 0.688986
Y 0.718101, 0.422956, 0.552660
Z -0.151647, 0.870144, -0.468886

PART 3
OFFSET 10.527970, 0.000000, -8.129675
SCALE 1.000000, 1.000000, 1.000000
X 1.000000, 0.000000, 0.000000
Y 0.000000, 1.000000, 0.000000
Z 0.000000, 0.000000, 1.000000

PART 4
OFFSET 11.329950, -3.255899, -4.106688
SCALE 1.000000, 1.000000, 1.000000
X 1.000000, 0.000000, 0.000000
Y 0.000000, 1.000000, 0.000000
Z 0.000000, 0.000000, 1.000000

PART 5
OFFSET 14.032780, 5.504183, -12.945920
SCALE 1.000000, 1.000000, 1.000000
X 0.516038, -0.761773, 0.391705
Y 0.741234, 0.167943, -0.649922
Z 0.429304, 0.625721, 0.651296

PART 6
OFFSET -4.626384, -6.161454, -9.295708
SCALE 1.000000, 1.000000, 1.000000
X -0.978485, -0.191076, -0.077700
Y -0.157201, 0.446883, 0.880673
Z -0.133549, 0.873959, -0.467299

PART 7
OFFSET 11.329950, -3.255899, -4.106688
SCALE 1.000000, 1.000000, 1.000000
X 1.000000, 0.000000, 0.000000
Y 0.000000, 1.000000, 0.000000
Z 0.000000, 0.000000, 1.000000

PART 8
OFFSET 14.032780, 5.504183, -12.945920
SCALE 1.000000, 1.000000, 1.000000
X 0.516038, -0.761773, 0.391705
Y 0.741234, 0.167943, -0.649922
Z 0.429304, 0.625721, 0.651296

PART 9
OFFSET 19.347540, 0.137727, -8.272235
SCALE 1.000000, 1.000000, 1.000000
X 0.516038, -0.761773, 0.391705
Y 0.741234, 0.167943, -0.649922
Z 0.429304, 0.625721, 0.651296

PART 10
OFFSET 17.661520, -0.764385, -7.805083
SCALE 1.000000, 1.000000, 1.000000
X 0.516038, -0.761773, 0.391705
Y 0.742393, 0.625843, 0.239082
Z -0.427259, 0.167425, 0.888485

PART 11
OFFSET 16.816270, -1.996060, -9.086944
SCALE 1.000000, 1.000000, 1.000000
X 0.516007, -0.761773, 0.391675
Y 0.000549, 0.457564, 0.889187
Z -0.856594, -0.458602, 0.236518

PART 12
OFFSET 17.657020, -2.325615, -10.835960
SCALE 1.000000, 1.000000, 1.000000
X 0.516038, -0.761773, 0.391705
Y -0.741234, -0.167943, 0.649922
Z -0.429304, -0.625721, -0.651296

PART 13
OFFSET 19.343040, -1.423507, -11.303110
SCALE 1.000000, 1.000000, 1.000000
X 0.516038, -0.761773, 0.391705
Y -0.742698, -0.625721, -0.238411
Z 0.426710, -0.167882, -0.888669

PART 14
OFFSET 20.188300, -0.191837, -10.021250
SCALE 1.000000, 1.000000, 1.000000
X 0.516038, -0.761773, 0.391675
Y -0.001190, -0.457900, -0.889004
Z 0.856563, 0.458296, -0.237190

PART 15
OFFSET 17.925420, 2.237130, -9.351450
SCALE 1.000000, 1.000000, 1.000000
X 0.516038, -0.761773, 0.391705
Y 0.741234, 0.167943, -0.649922
Z 0.429304, 0.625721, 0.651296

PART 16
OFFSET 16.239410, 1.335019, -8.884297
SCALE 1.000000, 1.000000, 1.000000
X 0.516038, -0.761773, 0.391705
Y 0.742393, 0.625843, 0.239082
Z -0.427259, 0.167425, 0.888485

PART 17
OFFSET 15.394150, 0.103345, -10.166160
SCALE 1.000000, 1.000000, 1.000000
X 0.516007, -0.761773, 0.391675
Y 0.000549, 0.457564, 0.889187
Z -0.856594, -0.458602, 0.236518

PART 18
OFFSET 16.234910, -0.226215, -11.915180
SCALE 1.000000, 1.000000, 1.000000
X 0.516038, -0.761773, 0.391705
Y -0.741234, -0.167943, 0.649922
Z -0.429304, -0.625721, -0.651296

PART 19
OFFSET 17.920930, 0.675895, -12.382330
SCALE 1.000000, 1.000000, 1.000000
X 0.516038, -0.761773, 0.391705
Y -0.742698, -0.625721, -0.238411
Z 0.426710, -0.167882, -0.888669

PART 20
OFFSET 18.766180, 1.907567, -11.100470
SCALE 1.000000, 1.000000, 1.000000
X 0.516038, -0.761773, 0.391675
Y -0.001190, -0.457900, -0.889004
Z 0.856563, 0.458296, -0.237190

PART 21
OFFSET 16.503310, 4.336535, -10.430670
SCALE 1.000000, 1.000000, 1.000000
X 0.516038, -0.761773, 0.391705
Y 0.741234, 0.167943, -0.649922
Z 0.429304, 0.625721, 0.651296

PART 22
OFFSET 14.817290, 3.434423, -9.963516
SCALE 1.000000, 1.000000, 1.000000
X 0.516038, -0.761773, 0.391705
Y 0.742393, 0.625843, 0.239082
Z -0.427259, 0.167425, 0.888485

PART 23
OFFSET 13.972030, 2.202755, -11.245370
SCALE 1.000000, 1.000000, 1.000000
X 0.516007, -0.761773, 0.391675
Y 0.000549, 0.457564, 0.889187
Z -0.856594, -0.458602, 0.236518

PART 24
OFFSET 14.812790, 1.873192, -12.994390
SCALE 1.000000, 1.000000, 1.000000
X 0.516038, -0.761773, 0.391705
Y -0.741234, -0.167943, 0.649922
Z -0.429304, -0.625721, -0.651296

PART 25
OFFSET 16.498810, 2.775303, -13.461550
SCALE 1.000000, 1.000000, 1.000000
X 0.516038, -0.761773, 0.391705
Y -0.742698, -0.625721, -0.238411
Z 0.426710, -0.167882, -0.888669

PART 26
OFFSET 17.344070, 4.006973, -12.179690
SCALE 1.000000, 1.000000, 1.000000
X 0.516038, -0.761773, 0.391675
Y -0.001190, -0.457900, -0.889004
Z 0.856563, 0.458296, -0.237190

PART 27
OFFSET 19.079720, -1.983550, -9.055201
SCALE 1.000000, 1.000000, 1.000000
X 0.923032, -0.332377, 0.193671
Y -0.071535, -0.642933, -0.762566
Z 0.377972, 0.690024, -0.617237

PART 28
OFFSET 17.827880, -0.098358, -10.065890
SCALE 1.000000, 1.000000, 1.000000
X 0.516038, -0.761773, 0.391705
Y -0.079928, -0.498093, -0.863430
Z 0.852840, 0.414258, -0.317911

PART 29
OFFSET 17.195360, 0.835399, -10.545890
SCALE 1.000000, 1.000000, 1.000000
X 0.516038, -0.761773, 0.391705
Y 0.114780, -0.391644, -0.912931
Z 0.848842, 0.516068, -0.114658

PART 30
OFFSET 16.562840, 1.769154, -11.025900
SCALE 1.000000, 1.000000, 1.000000
X 0.516038, -0.761773, 0.391705
Y 0.303568, -0.264962, -0.915220
Z 0.800958, 0.591205, 0.094516

PART 31
OFFSET 15.930330, 2.702914, -11.505900
SCALE 1.000000, 1.000000, 1.000000
X 0.516038, -0.761773, 0.391705
Y 0.476638, -0.124577, -0.870235
Z 0.711692, 0.635762, 0.298807

PART 32
OFFSET 15.297810, 3.636669, -11.985910
SCALE 1.000000, 1.000000, 1.000000
X 0.516038, -0.761773, 0.391705
Y 0.625080, 0.022248, -0.780236
Z 0.585650, 0.647481, 0.487655

PART 33
OFFSET 14.665290, 4.570427, -12.465910
SCALE 1.000000, 1.000000, 1.000000
X 0.516038, -0.761773, 0.391705
Y 0.741234, 0.167943, -0.649922
Z 0.429304, 0.625721, 0.651296

PART 34
OFFSET 18.460400, -1.032117, -9.585887
SCALE 1.000000, 1.000000, 1.000000
X 0.516038, -0.761773, 0.391705
Y -0.270486, -0.578814, -0.769280
Z 0.812738, 0.291025, -0.504746

PART 35
OFFSET -4.626384, -6.161454, -9.295708
SCALE 1.000000, 1.000000, 1.000000
X -0.978485, -0.191076, -0.077700
Y -0.157201, 0.446883, 0.880673
Z -0.133549, 0.873959, -0.467299

PART 36
OFFSET 4.108804, -6.227724, -7.703722
SCALE 1.000000, 1.000000, 1.000000
X -0.978485, -0.191076, -0.077700
Y -0.157201, 0.446883, 0.880673
Z -0.133549, 0.873959, -0.467299

PART 37
OFFSET 3.709278, -4.605801, -6.662234
SCALE 1.000000, 1.000000, 1.000000
X -0.978485, -0.191076, -0.077700
Y -0.194250, 0.980316, 0.035646
Z 0.069369, 0.049959, -0.996338

PART 38
OFFSET 3.446425, -2.885828, -7.581640
SCALE 1.000000, 1.000000, 1.000000
X -0.978485, -0.191107, -0.077700
Y -0.036927, 0.532792, -0.845424
Z 0.202948, -0.824366, -0.528398

PART 39
OFFSET 3.583145, -2.787771, -9.542515
SCALE 1.000000, 1.000000, 1.000000
X -0.978485, -0.191076, -0.077700
Y 0.157201, -0.446883, -0.880673
Z 0.133549, -0.873959, 0.467299

PART 40
OFFSET 3.982672, -4.409698, -10.584000
SCALE 1.000000, 1.000000, 1.000000
X -0.978485, -0.191046, -0.077700
Y 0.194281, -0.980255, -0.036378
Z -0.069216, -0.050691, 0.996307

PART 41
OFFSET 4.245521, -6.129672, -9.664595
SCALE 1.000000, 1.000000, 1.000000
X -0.978485, -0.191076, -0.077700
Y 0.037049, -0.533433, 0.845027
Z -0.202887, 0.824000, 0.529038

PART 42
OFFSET 1.413114, -6.753813, -7.917870
SCALE 1.000000, 1.000000, 1.000000
X -0.978485, -0.191076, -0.077700
Y -0.157201, 0.446883, 0.880673
Z -0.133549, 0.873959, -0.467299

PART 43
OFFSET 1.013551, -5.131902, -6.876400
SCALE 1.000000, 1.000000, 1.000000
X -0.978485, -0.191076, -0.077700
Y -0.194250, 0.980316, 0.035646
Z 0.069369, 0.049959, -0.996338

PART 44
OFFSET 0.750735, -3.411915, -7.795785
SCALE 1.000000, 1.000000, 1.000000
X -0.978485, -0.191107, -0.077700
Y -0.036927, 0.532792, -0.845424
Z 0.202948, -0.824366, -0.528398

PART 45
OFFSET 0.887279, -3.314037, -9.756350
SCALE 1.000000, 1.000000, 1.000000
X -0.978485, -0.191076, -0.077700
Y 0.157201, -0.446883, -0.880673
Z 0.133549, -0.873959, 0.467299

PART 46
OFFSET 1.286981, -4.935786, -10.798150
SCALE 1.000000, 1.000000, 1.000000
X -0.978485, -0.191046, -0.077700
Y 0.194281, -0.980255, -0.036378
Z -0.069216, -0.050691, 0.996307

PART 47
OFFSET 1.549830, -6.655757, -9.878745
SCALE 1.000000, 1.000000, 1.000000
X -0.978485, -0.191076, -0.077700
Y 0.037049, -0.533433, 0.845027
Z -0.202887, 0.824000, 0.529038

PART 48
OFFSET -1.282699, -7.280098, -8.131694
SCALE 1.000000, 1.000000, 1.000000
X -0.978485, -0.191076, -0.077700
Y -0.157201, 0.446883, 0.880673
Z -0.133549, 0.873959, -0.467299

PART 49
OFFSET -1.682262, -5.658185, -7.090224
SCALE 1.000000, 1.000000, 1.000000
X -0.978485, -0.191076, -0.077700
Y -0.194250, 0.980316, 0.035646
Z 0.069369, 0.049959, -0.996338

PART 50
OFFSET -1.945078, -3.938195, -8.009610
SCALE 1.000000, 1.000000, 1.000000
X -0.978485, -0.191107, -0.077700
Y -0.036927, 0.532792, -0.845424
Z 0.202948, -0.824366, -0.528398

PART 51
OFFSET -1.808395, -3.840155, -9.970505
SCALE 1.000000, 1.000000, 1.000000
X -0.978485, -0.191076, -0.077700
Y 0.157201, -0.446883, -0.880673
Z 0.133549, -0.873959, 0.467299

PART 52
OFFSET -1.408834, -5.462069, -11.011970
SCALE 1.000000, 1.000000, 1.000000
X -0.978485, -0.191046, -0.077700
Y 0.194281, -0.980255, -0.036378
Z -0.069216, -0.050691, 0.996307

PART 53
OFFSET -1.145985, -7.182042, -10.092570
SCALE 1.000000, 1.000000, 1.000000
X -0.978485, -0.191076, -0.077700
Y 0.037049, -0.533433, 0.845027
Z -0.202887, 0.824000, 0.529038

PART 54
OFFSET 5.050338, -4.354626, -8.555264
SCALE 1.000000, 1.000000, 1.000000
X -0.895535, 0.210517, 0.392041
Y 0.425153, 0.144627, 0.893490
Z 0.131382, 0.966826, -0.219031

PART 55
OFFSET 2.567577, -4.757266, -8.724608
SCALE 1.000000, 1.000000, 1.000000
X -0.978485, -0.191076, -0.077700
Y -0.110996, 0.170232, 0.979125
Z -0.173864, 0.966704, -0.187750

PART 56
OFFSET 1.368584, -4.991300, -8.819790
SCALE 1.000000, 1.000000, 1.000000
X -0.978485, -0.191076, -0.077700
Y -0.121159, 0.227577, 0.966186
Z -0.166936, 0.954833, -0.245827

PART 57
OFFSET 0.169590, -5.225328, -8.914973
SCALE 1.000000, 1.000000, 1.000000
X -0.978485, -0.191076, -0.077700
Y -0.130894, 0.284127, 0.949828
Z -0.159398, 0.939573, -0.303018

PART 58
OFFSET -1.029406, -5.459361, -9.010155
SCALE 1.000000, 1.000000, 1.000000
X -0.978485, -0.191076, -0.077700
Y -0.140172, 0.339641, 0.930052
Z -0.151311, 0.920957, -0.359111

PART 59
OFFSET -2.228399, -5.693390, -9.105339
SCALE 1.000000, 1.000000, 1.000000
X -0.978485, -0.191076, -0.077700
Y -0.148961, 0.393963, 0.906980
Z -0.142674, 0.899045, -0.413953

PART 60
OFFSET -3.427391, -5.927423, -9.200521
SCALE 1.000000, 1.000000, 1.000000
X -0.978485, -0.191076, -0.077700
Y -0.157201, 0.446883, 0.880673
Z -0.133549, 0.873959, -0.467299

PART 61
OFFSET 3.766567, -4.523235, -8.629427
SCALE 1.000000, 1.000000, 1.000000
X -0.978485, -0.191076, -0.077700
Y -0.100406, 0.112247, 0.988586
Z -0.180151, 0.975127, -0.129032

PART 62
OFFSET 24.330820, -3.255901, -2.106687
SCALE 1.000000, 1.000000, 1.000000
X 1.000000, 0.000000, 0.000000
Y 0.000000, 1.000000, 0.000000
Z 0.000000, 0.000000, 1.000000

PART 63
OFFSET 9.245558, -2.142315, -2.782927
SCALE 1.000000, 1.000000, 1.000000
X 0.000000, 1.000000, 0.000000
Y -1.000000, 0.000000, 0.000000
Z 0.000000, 0.000000, 1.000000

PART 64
OFFSET 19.955540, -3.255797, -13.448800
SCALE 1.000000, 1.000000, 1.000000
X 0.707114, 0.000000, 0.707083
Y 0.000000, 1.000000, 0.000000
Z -0.707083, 0.000000, 0.707114

PART 65
OFFSET 16.125870, -3.269666, -1.952461
SCALE 1.000000, 1.000000, 1.000000
X 1.000000, 0.000000, 0.000000
Y 0.000000, 1.000000, 0.000000
Z 0.000000, 0.000000, 1.000000

PART 66
OFFSET 26.533780, -3.255899, -1.504665
SCALE 1.000000, 1.000000, 1.000000
X 1.000000, 0.000000, 0.000000
Y 0.000000, 1.000000, 0.000000
Z 0.000000, 0.000000, 1.000000

PART 67
OFFSET 18.413300, -4.904865, -1.788050
SCALE 1.000000, 1.000000, 1.000000
X 0.000092, -0.819178, 0.573534
Y 1.000000, 0.000092, -0.000031
Z -0.000031, 0.573534, 0.819178

PART 68
OFFSET 23.545270, -1.457779, -3.686933
SCALE 1.000000, 1.000000, 1.000000
X -0.087344, 0.837550, 0.539323
Y -0.985534, 0.006317, -0.169408
Z -0.145299, -0.546312, 0.824885

PART 69
OFFSET 9.541901, -1.293014, -2.986571
SCALE 1.000000, 1.000000, 1.000000
X -0.124088, 0.664174, 0.737205
Y -0.845882, 0.317606, -0.428510
Z -0.518754, -0.676779, 0.522385

PART 70
OFFSET 16.150770, -3.255899, -1.952398
SCALE 1.000000, 1.000000, 1.000000
X -0.999878, 0.015625, 0.000000
Y -0.015625, -0.999878, 0.000000
Z 0.000000, 0.000000, 1.000000

PART 71
OFFSET 19.354630, -3.236855, -12.814040
SCALE 1.000000, 1.000000, 1.000000
X 0.707144, 0.000000, -0.707083
Y 0.000000, 1.000000, 0.000000
Z 0.707083, 0.000000, 0.707144

PART 72
OFFSET 22.373180, -2.386754, -7.614348
SCALE 1.000000, 1.000000, 1.000000
X 0.923032, -0.332377, 0.193671
Y -0.071535, -0.642933, -0.762566
Z 0.377972, 0.690024, -0.617237

PART 73
OFFSET 22.716390, -3.316168, -8.101463
SCALE 1.000000, 1.000000, 1.000000
X 0.103580, -0.800836, 0.589862
Y -0.782098, 0.300821, 0.545732
Z -0.614490, -0.517869, -0.595172

PART 74
OFFSET 19.530850, -3.151862, -9.706306
SCALE 1.000000, 1.000000, 1.000000
X 0.624775, -0.596057, 0.504349
Y -0.754540, -0.294809, 0.586322
Z -0.200781, -0.746880, -0.633931

PART 75
OFFSET 20.065270, -2.538875, -9.003071
SCALE 1.000000, 1.000000, 1.000000
X 0.844630, -0.509934, 0.162999
Y -0.492569, -0.620930, 0.609790
Z -0.209723, -0.595325, -0.775628

PART 76
OFFSET 19.368190, -1.374063, -8.091403
SCALE 1.000000, 1.000000, 1.000000
X 0.842463, -0.106235, 0.528153
Y 0.270333, -0.764611, -0.585040
Z 0.465987, 0.635670, -0.615436

PART 77
OFFSET 18.460400, -1.032117, -9.585887
SCALE 1.000000, 1.000000, 1.000000
X 0.516038, -0.761773, 0.391705
Y -0.270486, -0.578814, -0.769280
Z 0.812738, 0.291025, -0.504746

PART 78
OFFSET 18.460400, -1.032117, -9.585887
SCALE 1.000000, 1.000000, 1.000000
X 0.516038, -0.761773, 0.391705
Y -0.270486, -0.578814, -0.769280
Z 0.812738, 0.291025, -0.504746

PART 79
OFFSET 8.588413, -5.000684, -8.930982
SCALE 1.000000, 1.000000, 1.000000
X -0.895535, 0.210517, 0.392041
Y 0.425153, 0.144627, 0.893490
Z 0.131382, 0.966826, -0.219031

PART 80
OFFSET 8.568055, -5.061510, -9.988095
SCALE 1.000000, 1.000000, 1.000000
X -0.519578, -0.783807, 0.340129
Y 0.785791, -0.594684, -0.170049
Z 0.335551, 0.178930, 0.924864

PART 81
OFFSET 5.158332, -4.368540, -9.895012
SCALE 1.000000, 1.000000, 1.000000
X 0.775109, -0.157964, -0.611774
Y -0.581988, 0.198370, -0.788629
Z 0.245918, 0.967315, 0.061831

PART 82
OFFSET 5.730638, -4.723856, -9.523180
SCALE 1.000000, 1.000000, 1.000000
X 0.806452, -0.229774, -0.544816
Y -0.528245, 0.133915, -0.838466
Z 0.265633, 0.963988, -0.013367

PART 83
OFFSET 6.571118, -3.683454, -7.220891
SCALE 1.000000, 1.000000, 1.000000
X -0.725852, -0.427137, 0.539140
Y -0.313822, 0.903134, 0.293008
Z -0.612079, 0.043489, -0.789605

PART 84
OFFSET 3.766567, -4.523235, -8.629427
SCALE 1.000000, 1.000000, 1.000000
X -0.978485, -0.191076, -0.077700
Y -0.100406, 0.112247, 0.988586
Z -0.180151, 0.975127, -0.129032

PART 85
OFFSET 3.766567, -4.523235, -8.629427
SCALE 1.000000, 1.000000, 1.000000
X -0.978485, -0.191076, -0.077700
Y -0.100406, 0.112247, 0.988586
Z -0.180151, 0.975127, -0.129032

PART 86
OFFSET 22.626430, -1.150245, -5.253452
SCALE 1.000000, 1.000000, 1.000000
X 1.000000, 0.000000, 0.000000
Y 0.000000, 1.000000, 0.000000
Z 0.000000, 0.000000, 1.000000

PART 87
OFFSET 9.670542, -1.427909, -3.127756
SCALE 1.000000, 1.000000, 1.000000
X 0.585620, 0.588458, -0.557451
Y -0.724021, 0.688986, -0.033296
Z 0.364483, 0.423109, 0.829554

PART 88
OFFSET 22.584520, -2.440973, -7.459829
SCALE 1.000000, 1.000000, 1.000000
X 0.906369, -0.397931, 0.141942
Y -0.309763, -0.397412, 0.863765
Z -0.287301, -0.826869, -0.483474

PART 89
OFFSET 22.373180, -2.386754, -7.614348
SCALE 1.000000, 1.000000, 1.000000
X 0.923032, -0.332377, 0.193671
Y -0.071535, -0.642933, -0.762566
Z 0.377972, 0.690024, -0.617237

PART 90
OFFSET 22.901990, -4.749344, -7.045611
SCALE 1.000000, 1.000000, 1.000000
X -0.604602, -0.154851, 0.781335
Y -0.490768, 0.845027, -0.212287
Z -0.627400, -0.511795, -0.586901

PART 91
OFFSET 21.054850, -4.589052, -8.276215
SCALE 1.000000, 1.000000, 1.000000
X -0.373974, -0.138340, 0.917051
Y -0.593921, 0.795190, -0.122257
Z -0.712302, -0.590381, -0.379559

PART 92
OFFSET 22.173400, -4.181981, -8.407087
SCALE 1.000000, 1.000000, 1.000000
X -0.309061, -0.424085, 0.851253
Y -0.528275, 0.820826, 0.217139
Z -0.790826, -0.382611, -0.477706

PART 93
OFFSET 21.299230, -1.617573, -6.880805
SCALE 1.000000, 1.000000, 1.000000
X 0.910886, -0.224921, 0.345958
Y 0.119205, -0.659169, -0.742485
Z 0.395062, 0.717551, -0.573626

PART 94
OFFSET 8.956108, -4.896858, -9.048879
SCALE 1.000000, 1.000000, 1.000000
X -0.832545, -0.336131, 0.440352
Y 0.371654, -0.928343, -0.005951
Z 0.410810, 0.158727, 0.897794

PART 95
OFFSET 8.588413, -5.000684, -8.930982
SCALE 1.000000, 1.000000, 1.000000
X -0.895535, 0.210517, 0.392041
Y 0.425153, 0.144627, 0.893490
Z 0.131382, 0.966826, -0.219031

PART 96
OFFSET 9.497607, -3.659236, -10.596930
SCALE 1.000000, 1.000000, 1.000000
X 0.333171, -0.942747, -0.014893
Y 0.903562, 0.323740, -0.280648
Z 0.269387, 0.080050, 0.959685

PART 97
OFFSET 7.240824, -4.574354, -11.516880
SCALE 1.000000, 1.000000, 1.000000
X -0.693503, -0.623768, 0.360515
Y 0.581286, -0.780084, -0.231513
Z 0.425642, 0.048982, 0.903562

PART 98
OFFSET 8.020107, -5.128007, -10.789970
SCALE 1.000000, 1.000000, 1.000000
X -0.494705, -0.802362, 0.333842
Y 0.729240, -0.592242, -0.342753
Z 0.472732, 0.073885, 0.878109

PART 99
OFFSET 8.091341, -2.370134, -8.394380
SCALE 1.000000, 1.000000, 1.000000
X -0.828455, 0.007874, 0.560015
Y 0.079775, 0.991363, 0.104068
Z -0.554338, 0.130894, -0.821925

PART 100
OFFSET 10.237350, -0.747183, -3.965041
SCALE 1.000000, 1.000000, 1.000000
X -0.042055, 0.591235, -0.805414
Y -0.960509, 0.198004, 0.195502
Z 0.275033, 0.781823, 0.559557

PART 101
OFFSET 23.879120, -3.009517, -7.257200
SCALE 1.000000, 1.000000, 1.000000
X 0.401502, -0.759240, 0.512223
Y -0.678854, 0.128727, 0.722892
Z -0.614795, -0.637959, -0.463729

PART 102
OFFSET 22.265500, -4.912333, -6.223186
SCALE 1.000000, 1.000000, 1.000000
X -0.765496, 0.437910, 0.471419
Y 0.009400, 0.740196, -0.672323
Z -0.643361, -0.510239, -0.570727

PART 103
OFFSET 20.627570, -4.747031, -7.227844
SCALE 1.000000, 1.000000, 1.000000
X -0.392163, -0.077334, 0.916623
Y -0.559313, 0.811151, -0.170873
Z -0.730339, -0.579699, -0.361370

PART 104
OFFSET 21.664120, -4.881378, -7.002486
SCALE 1.000000, 1.000000, 1.000000
X -0.532853, 0.042970, 0.845119
Y -0.304544, 0.922056, -0.238899
Z -0.789514, -0.384686, -0.478256

PART 105
OFFSET 22.358650, -1.879114, -6.478571
SCALE 1.000000, 1.000000, 1.000000
X 0.964049, 0.009644, 0.265511
Y 0.198859, -0.688894, -0.697043
Z 0.176183, 0.724784, -0.666067

PART 106
OFFSET 10.145790, -4.416589, -9.677954
SCALE 1.000000, 1.000000, 1.000000
X -0.272347, -0.899319, 0.342143
Y 0.838069, -0.396435, -0.374828
Z 0.472732, 0.184668, 0.861629

PART 107
OFFSET 9.146864, -2.666830, -10.581200
SCALE 1.000000, 1.000000, 1.000000
X 0.940886, -0.142491, -0.307260
Y 0.118564, 0.988372, -0.095248
Z 0.317270, 0.053163, 0.946837

PART 108
OFFSET 8.032535, -3.862118, -11.929050
SCALE 1.000000, 1.000000, 1.000000
X -0.304727, -0.932798, 0.192389
Y 0.852016, -0.357250, -0.382641
Z 0.425672, 0.047304, 0.903653

PART 109
OFFSET 8.836030, -3.804561, -11.340860
SCALE 1.000000, 1.000000, 1.000000
X -0.080111, -0.988769, 0.126194
Y 0.877499, -0.130009, -0.461623
Z 0.472823, 0.073733, 0.878048

PART 110
OFFSET 9.047902, -2.486621, -8.986045
SCALE 1.000000, 1.000000, 1.000000
X -0.859432, 0.281106, 0.427076
Y 0.318583, 0.947752, 0.017304
Z -0.399884, 0.150945, -0.904050

PART 111
OFFSET 9.333460, -0.528603, -5.084181
SCALE 1.000000, 1.000000, 1.000000
X -0.901822, -0.129673, -0.412214
Y -0.423231, 0.072329, 0.903134
Z -0.087283, 0.988922, -0.120090

PART 112
OFFSET 24.352900, -3.906542, -6.652322
SCALE 1.000000, 1.000000, 1.000000
X -0.076876, -0.579180, 0.811579
Y -0.915922, 0.362621, 0.172063
Z -0.393963, -0.730094, -0.558367

PART 113
OFFSET 20.341950, -4.803417, -6.559714
SCALE 1.000000, 1.000000, 1.000000
X -0.657827, 0.449263, 0.604511
Y -0.187567, 0.679647, -0.709159
Z -0.729453, -0.579882, -0.362835

PART 114
OFFSET 21.204220, -4.844421, -6.272251
SCALE 1.000000, 1.000000, 1.000000
X -0.608325, 0.574603, 0.547502
Y 0.066317, 0.724204, -0.686392
Z -0.790918, -0.381237, -0.478652

PART 115
OFFSET 10.467560, -3.354261, -10.081600
SCALE 1.000000, 1.000000, 1.000000
X 0.431684, -0.901303, -0.036470
Y 0.764428, 0.387005, -0.515641
Z 0.478866, 0.194708, 0.856044

PART 116
OFFSET 8.254609, -3.182766, -12.069580
SCALE 1.000000, 1.000000, 1.000000
X 0.641347, -0.707785, -0.296213
Y 0.624958, 0.705832, -0.333476
Z 0.445113, 0.028779, 0.895016

PART 117
OFFSET 8.905283, -2.950382, -11.450070
SCALE 1.000000, 1.000000, 1.000000
X 0.828974, -0.392651, -0.398267
Y 0.310404, 0.915372, -0.256386
Z 0.465224, 0.088931, 0.880703

PART 118
OFFSET 8.010986, -0.913273, -4.909188
SCALE 1.000000, 1.000000, 1.000000
X -0.674917, -0.337138, 0.656362
Y 0.697195, -0.000061, 0.716880
Z -0.241646, 0.941435, 0.235115

PART 119
OFFSET 8.614159, -1.385546, -3.390378
SCALE 1.000000, 1.000000, 1.000000
X 0.996338, 0.035096, 0.078097
Y 0.059786, 0.367595, -0.928068
Z -0.061281, 0.929319, 0.364147

PART 120
OFFSET 11.983470, -1.147568, -5.539713
SCALE 1.000000, 1.000000, 1.000000
X 0.845760, -0.345470, -0.406629
Y -0.353404, 0.208289, -0.911985
Z 0.399762, 0.915036, 0.054048

PART 121
OFFSET 0.000000, 0.000000, 0.000000
SCALE 1.000000, 1.000000, 1.000000
X 1.000000, 0.000000, 0.000000
Y 0.000000, 1.000000, 0.000000
Z 0.000000, 0.000000, 1.000000

PART 122
OFFSET 0.000000, 0.000000, 0.000000
SCALE 1.000000, 1.000000, 1.000000
X 1.000000, 0.000000, 0.000000
Y 0.000000, 1.000000, 0.000000
Z 0.000000, 0.000000, 1.000000

PART 123
OFFSET -4.631890, 0.000000, -1.376774
SCALE 1.000000, 1.000000, 1.000000
X 1.000000, 0.000000, 0.000000
Y 0.000000, 1.000000, 0.000000
Z 0.000000, 0.000000, 1.000000

PART 124
OFFSET 1.540551, 0.000000, 4.135823
SCALE 1.000000, 1.000000, 1.000000
X 1.000000, 0.000000, 0.000000
Y 0.000000, 1.000000, 0.000000
Z 0.000000, 0.000000, 1.000000

PART 125
OFFSET 1.540435, 0.000007, 4.135727
SCALE 1.000000, 1.000000, 1.000000
X 1.000000, 0.000000, 0.000000
Y 0.000000, 1.000000, 0.000000
Z 0.000000, 0.000000, 1.000000

FRAME 1
PART 0
OFFSET -4.631834, 0.000000, -1.376955
SCALE 1.000000, 1.000000, 1.000000
X 1.000000, 0.000000, 0.000000
Y 0.000000, 1.000000, 0.000000
Z 0.000000, 0.000000, 1.000000

PART 1
OFFSET 4.491653, 7.623629, -8.679940
SCALE 1.000000, 1.000000, 1.000000
X 0.845119, -0.085025, -0.527787
Y -0.284921, 0.763726, -0.579272
Z 0.452345, 0.639912, 0.621204

PART 2
OFFSET -13.381220, -4.937232, -2.742843
SCALE 1.000000, 1.000000, 1.000000
X -0.674184, 0.255562, 0.692953
Y 0.722831, 0.421003, 0.547990
Z -0.151677, 0.870327, -0.468551

PART 3
OFFSET 10.527970, 0.000000, -8.129675
SCALE 1.000000, 1.000000, 1.000000
X 1.000000, 0.000000, 0.000000
Y 0.000000, 1.000000, 0.000000
Z 0.000000, 0.000000, 1.000000

PART 4
OFFSET 11.356250, -3.312591, -4.138024
SCALE 1.000000, 1.000000, 1.000000
X 0.999908, 0.004456, 0.012482
Y -0.004700, 0.999817, 0.017792
Z -0.012421, -0.017853, 0.999756

PART 5
OFFSET 14.082970, 5.413084, -13.136860
SCALE 1.000000, 1.000000, 1.000000
X 0.518571, -0.745079, 0.419477
Y 0.737175, 0.140996, -0.660848
Z 0.433210, 0.651906, 0.622364

PART 6
OFFSET -4.530237, -6.189637, -9.518518
SCALE 1.000000, 1.000000, 1.000000
X -0.977050, -0.194281, -0.087405
Y -0.167119, 0.444472, 0.880062
Z -0.132145, 0.874477, -0.466750

PART 7
OFFSET 11.356250, -3.312591, -4.138024
SCALE 1.000000, 1.000000, 1.000000
X 0.999908, 0.004456, 0.012482
Y -0.004700, 0.999817, 0.017792
Z -0.012421, -0.017853, 0.999756

PART 8
OFFSET 14.082970, 5.413084, -13.136860
SCALE 1.000000, 1.000000, 1.000000
X 0.518571, -0.745079, 0.419477
Y 0.737175, 0.140996, -0.660848
Z 0.433210, 0.651906, 0.622364

PART 9
OFFSET 19.427340, 0.242826, -8.279381
SCALE 1.000000, 1.000000, 1.000000
X 0.518571, -0.745079, 0.419477
Y 0.737175, 0.140996, -0.660848
Z 0.433210, 0.651906, 0.622364

PART 10
OFFSET 17.744380, -0.639149, -7.765124
SCALE 1.000000, 1.000000, 1.000000
X 0.518571, -0.745079, 0.419477
Y 0.743767, 0.635060, 0.208564
Z -0.421796, 0.203864, 0.883480

PART 11
OFFSET 16.891410, -1.922409, -8.990009
SCALE 1.000000, 1.000000, 1.000000
X 0.518540, -0.745079, 0.419477
Y 0.005982, 0.493729, 0.869594
Z -0.855037, -0.448409, 0.260476

PART 12
OFFSET 17.721410, -2.323687, -10.729160
SCALE 1.000000, 1.000000, 1.000000
X 0.518571, -0.745079, 0.419477
Y -0.737175, -0.140996, 0.660848
Z -0.433210, -0.651906, -0.622364

PART 13
OFFSET 19.404360, -1.441715, -11.243410
SCALE 1.000000, 1.000000, 1.000000
X 0.518571, -0.745048, 0.419507
Y -0.744072, -0.634938, -0.207892
Z 0.421247, -0.204321, -0.883633

PART 14
OFFSET 20.257330, -0.158461, -10.018530
SCALE 1.000000, 1.000000, 1.000000
X 0.518571, -0.745079, 0.419477
Y -0.006592, -0.494064, -0.869381
Z 0.855007, 0.448073, -0.261116

PART 15
OFFSET 17.998250, 2.296216, -9.435205
SCALE 1.000000, 1.000000, 1.000000
X 0.518571, -0.745079, 0.419477
Y 0.737175, 0.140996, -0.660848
Z 0.433210, 0.651906, 0.622364

PART 16
OFFSET 16.315300, 1.414242, -8.920946
SCALE 1.000000, 1.000000, 1.000000
X 0.518571, -0.745079, 0.419477
Y 0.743767, 0.635060, 0.208564
Z -0.421796, 0.203864, 0.883480

PART 17
OFFSET 15.462330, 0.130983, -10.145830
SCALE 1.000000, 1.000000, 1.000000
X 0.518540, -0.745079, 0.419477
Y 0.005982, 0.493729, 0.869594
Z -0.855037, -0.448409, 0.260476

PART 18
OFFSET 16.292320, -0.270299, -11.884980
SCALE 1.000000, 1.000000, 1.000000
X 0.518571, -0.745079, 0.419477
Y -0.737175, -0.140996, 0.660848
Z -0.433210, -0.651906, -0.622364

PART 19
OFFSET 17.975280, 0.611673, -12.399240
SCALE 1.000000, 1.000000, 1.000000
X 0.518571, -0.745048, 0.419507
Y -0.744072, -0.634938, -0.207892
Z 0.421247, -0.204321, -0.883633

PART 20
OFFSET 18.828250, 1.894930, -11.174350
SCALE 1.000000, 1.000000, 1.000000
X 0.518571, -0.745079, 0.419477
Y -0.006592, -0.494064, -0.869381
Z 0.855007, 0.448073, -0.261116

PART 21
OFFSET 16.569170, 4.349607, -10.591030
SCALE 1.000000, 1.000000, 1.000000
X 0.518571, -0.745079, 0.419477
Y 0.737175, 0.140996, -0.660848
Z 0.433210, 0.651906, 0.622364

PART 22
OFFSET 14.886220, 3.467633, -10.076770
SCALE 1.000000, 1.000000, 1.000000
X 0.518571, -0.745079, 0.419477
Y 0.743767, 0.635060, 0.208564
Z -0.421796, 0.203864, 0.883480

PART 23
OFFSET 14.033250, 2.184380, -11.301660
SCALE 1.000000, 1.000000, 1.000000
X 0.518540, -0.745079, 0.419477
Y 0.005982, 0.493729, 0.869594
Z -0.855037, -0.448409, 0.260476

PART 24
OFFSET 14.863250, 1.783094, -13.040800
SCALE 1.000000, 1.000000, 1.000000
X 0.518571, -0.745079, 0.419477
Y -0.737175, -0.140996, 0.660848
Z -0.433210, -0.651906, -0.622364

PART 25
OFFSET 16.546200, 2.665068, -13.555060
SCALE 1.000000, 1.000000, 1.000000
X 0.518571, -0.745048, 0.419507
Y -0.744072, -0.634938, -0.207892
Z 0.421247, -0.204321, -0.883633

PART 26
OFFSET 17.399170, 3.948323, -12.330180
SCALE 1.000000, 1.000000, 1.000000
X 0.518571, -0.745079, 0.419477
Y -0.006592, -0.494064, -0.869381
Z 0.855007, 0.448073, -0.261116

PART 27
OFFSET 19.155010, -1.909601, -8.975616
SCALE 1.000000, 1.000000, 1.000000
X 0.922147, -0.331645, 0.199072
Y -0.059114, -0.629475, -0.774773
Z 0.382244, 0.702689, -0.600085

PART 28
OFFSET 17.896670, -0.066664, -10.052390
SCALE 1.000000, 1.000000, 1.000000
X 0.518571, -0.745079, 0.419477
Y -0.040834, -0.511612, -0.858242
Z 0.854061, 0.427931, -0.295724

PART 29
OFFSET 17.261050, 0.846627, -10.566470
SCALE 1.000000, 1.000000, 1.000000
X 0.518571, -0.745079, 0.419477
Y 0.144383, -0.407270, -0.901822
Z 0.842769, 0.528214, -0.103610

PART 30
OFFSET 16.625430, 1.759916, -11.080550
SCALE 1.000000, 1.000000, 1.000000
X 0.518571, -0.745079, 0.419477
Y 0.322794, -0.283700, -0.902951
Z 0.791772, 0.603656, 0.093387

PART 31
OFFSET 15.989820, 2.673211, -11.594620
SCALE 1.000000, 1.000000, 1.000000
X 0.518571, -0.745079, 0.419477
Y 0.486038, -0.146794, -0.861538
Z 0.703482, 0.650624, 0.285989

PART 32
OFFSET 15.354200, 3.586501, -12.108700
SCALE 1.000000, 1.000000, 1.000000
X 0.518571, -0.745079, 0.419477
Y 0.626331, -0.002960, -0.779534
Z 0.582049, 0.666982, 0.465133

PART 33
OFFSET 14.718590, 4.499793, -12.622780
SCALE 1.000000, 1.000000, 1.000000
X 0.518571, -0.745079, 0.419477
Y 0.737175, 0.140996, -0.660848
Z 0.433210, 0.651906, 0.622364

PART 34
OFFSET 18.532280, -0.979959, -9.538314
SCALE 1.000000, 1.000000, 1.000000
X 0.518571, -0.745079, 0.419477
Y -0.224128, -0.591907, -0.774224
Z 0.825129, 0.307474, -0.473922

PART 35
OFFSET -4.530237, -6.189637, -9.518518
SCALE 1.000000, 1.000000, 1.000000
X -0.977050, -0.194281, -0.087405
Y -0.167119, 0.444472, 0.880062
Z -0.132145, 0.874477, -0.466750

PART 36
OFFSET 4.189579, -6.228959, -7.843527
SCALE 1.000000, 1.000000, 1.000000
X -0.977050, -0.194281, -0.087405
Y -0.167119, 0.444472, 0.880062
Z -0.132145, 0.874477, -0.466750

PART 37
OFFSET 3.774500, -4.610626, -6.802537
SCALE 1.000000, 1.000000, 1.000000
X -0.977050, -0.194311, -0.087405
Y -0.198004, 0.979553, 0.035798
Z 0.078677, 0.052309, -0.995514

PART 38
OFFSET 3.514414, -2.889644, -7.720842
SCALE 1.000000, 1.000000, 1.000000
X -0.977050, -0.194311, -0.087405
Y -0.030732, 0.534440, -0.844630
Z 0.210852, -0.822565, -0.528153

PART 39
OFFSET 3.669451, -2.786989, -9.680118
SCALE 1.000000, 1.000000, 1.000000
X -0.977050, -0.194281, -0.087405
Y 0.167119, -0.444472, -0.880062
Z 0.132145, -0.874477, 0.466750

PART 40
OFFSET 4.084530, -4.405326, -10.721110
SCALE 1.000000, 1.000000, 1.000000
X -0.977050, -0.194281, -0.087405
Y 0.198035, -0.979522, -0.036561
Z -0.078524, -0.053041, 0.995514

PART 41
OFFSET 4.344612, -6.126308, -9.802801
SCALE 1.000000, 1.000000, 1.000000
X -0.977050, -0.194281, -0.087405
Y 0.030885, -0.535051, 0.844234
Z -0.210791, 0.822169, 0.528794

PART 42
OFFSET 1.497901, -6.763943, -8.084435
SCALE 1.000000, 1.000000, 1.000000
X -0.977050, -0.194281, -0.087405
Y -0.167119, 0.444472, 0.880062
Z -0.132145, 0.874477, -0.466750

PART 43
OFFSET 1.082786, -5.145621, -7.043464
SCALE 1.000000, 1.000000, 1.000000
X -0.977050, -0.194311, -0.087405
Y -0.198004, 0.979553, 0.035798
Z 0.078677, 0.052309, -0.995514

PART 44
OFFSET 0.822735, -3.424626, -7.961747
SCALE 1.000000, 1.000000, 1.000000
X -0.977050, -0.194311, -0.087405
Y -0.030732, 0.534440, -0.844630
Z 0.210852, -0.822565, -0.528153

PART 45
OFFSET 0.977595, -3.322151, -9.920715
SCALE 1.000000, 1.000000, 1.000000
X -0.977050, -0.194281, -0.087405
Y 0.167119, -0.444472, -0.880062
Z 0.132145, -0.874477, 0.466750

PART 46
OFFSET 1.392852, -4.940309, -10.962010
SCALE 1.000000, 1.000000, 1.000000
X -0.977050, -0.194281, -0.087405
Y 0.198035, -0.979522, -0.036561
Z -0.078524, -0.053041, 0.995514

PART 47
OFFSET 1.652934, -6.661288, -10.043710
SCALE 1.000000, 1.000000, 1.000000
X -0.977050, -0.194281, -0.087405
Y 0.030885, -0.535051, 0.844234
Z -0.210791, 0.822169, 0.528794

PART 48
OFFSET -1.193903, -7.299124, -8.325022
SCALE 1.000000, 1.000000, 1.000000
X -0.977050, -0.194281, -0.087405
Y -0.167119, 0.444472, 0.880062
Z -0.132145, 0.874477, -0.466750

PART 49
OFFSET -1.609017, -5.680800, -7.284050
SCALE 1.000000, 1.000000, 1.000000
X -0.977050, -0.194311, -0.087405
Y -0.198004, 0.979553, 0.035798
Z 0.078677, 0.052309, -0.995514

PART 50
OFFSET -1.869067, -3.959803, -8.202335
SCALE 1.000000, 1.000000, 1.000000
X -0.977050, -0.194311, -0.087405
Y -0.030732, 0.534440, -0.844630
Z 0.210852, -0.822565, -0.528153

PART 51
OFFSET -1.714067, -3.857163, -10.161630
SCALE 1.000000, 1.000000, 1.000000
X -0.977050, -0.194281, -0.087405
Y 0.167119, -0.444472, -0.880062
Z 0.132145, -0.874477, 0.466750

PART 52
OFFSET -1.298954, -5.475488, -11.202600
SCALE 1.000000, 1.000000, 1.000000
X -0.977050, -0.194281, -0.087405
Y 0.198035, -0.979522, -0.036561
Z -0.078524, -0.053041, 0.995514

PART 53
OFFSET -1.038871, -7.196469, -10.284300
SCALE 1.000000, 1.000000, 1.000000
X -0.977050, -0.194281, -0.087405
Y 0.030885, -0.535051, 0.844234
Z -0.210791, 0.822169, 0.528794

PART 54
OFFSET 5.132263, -4.352739, -8.681889
SCALE 1.000000, 1.000000, 1.000000
X -0.901334, 0.199316, 0.384564
Y 0.413343, 0.130467, 0.901181
Z 0.129429, 0.971221, -0.199988

PART 55
OFFSET 2.653019, -4.761711, -8.876003
SCALE 1.000000, 1.000000, 1.000000
X -0.977050, -0.194281, -0.087405
Y -0.118839, 0.156499, 0.980499
Z -0.176824, 0.968383, -0.176000

PART 56
OFFSET 1.455810, -4.999701, -8.983087
SCALE 1.000000, 1.000000, 1.000000
X -0.977050, -0.194281, -0.087405
Y -0.129582, 0.216193, 0.967711
Z -0.169134, 0.956816, -0.236427

PART 57
OFFSET 0.258600, -5.237686, -9.090174
SCALE 1.000000, 1.000000, 1.000000
X -0.977050, -0.194281, -0.087405
Y -0.139805, 0.275094, 0.951201
Z -0.160772, 0.941588, -0.295938

PART 58
OFFSET -0.938612, -5.475675, -9.197258
SCALE 1.000000, 1.000000, 1.000000
X -0.977050, -0.194281, -0.087405
Y -0.149510, 0.332896, 0.931028
Z -0.151799, 0.922727, -0.354289

PART 59
OFFSET -2.135820, -5.713661, -9.304344
SCALE 1.000000, 1.000000, 1.000000
X -0.977050, -0.194281, -0.087405
Y -0.158605, 0.389447, 0.907285
Z -0.142247, 0.900327, -0.411329

PART 60
OFFSET -3.333029, -5.951650, -9.411429
SCALE 1.000000, 1.000000, 1.000000
X -0.977050, -0.194281, -0.087405
Y -0.167119, 0.444472, 0.880062
Z -0.132145, 0.874477, -0.466750

PART 61
OFFSET 3.850225, -4.523723, -8.768919
SCALE 1.000000, 1.000000, 1.000000
X -0.977050, -0.194281, -0.087405
Y -0.107669, 0.096194, 0.989532
Z -0.183844, 0.976226, -0.114902

PART 62
OFFSET 24.331160, -3.290200, -1.976099
SCALE 1.000000, 1.000000, 1.000000
X 0.999908, 0.004456, 0.012482
Y -0.004700, 0.999817, 0.017792
Z -0.012421, -0.017853, 0.999756

PART 63
OFFSET 9.251350, -2.233025, -2.821799
SCALE 1.000000, 1.000000, 1.000000
X -0.004700, 0.999817, 0.017792
Y -0.999908, -0.004456, -0.012482
Z -0.012421, -0.017853, 0.999756

PART 64
OFFSET 20.097020, -3.107158, -13.370170
SCALE 1.000000, 1.000000, 1.000000
X 0.698294, -0.009461, 0.715751
Y -0.004700, 0.999817, 0.017792
Z -0.715812, -0.015778, 0.698111

PART 65
OFFSET 16.125050, -3.343370, -1.924643
SCALE 1.000000, 1.000000, 1.000000
X 0.999908, 0.004456, 0.012482
Y -0.004700, 0.999817, 0.017792
Z -0.012421, -0.017853, 0.999756

PART 66
OFFSET 26.526460, -3.291129, -1.346697
SCALE 1.000000, 1.000000, 1.000000
X 0.999908, 0.004456, 0.012482
Y -0.004700, 0.999817, 0.017792
Z -0.012421, -0.017853, 0.999756

PART 67
OFFSET 18.417930, -4.971028, -1.760792
SCALE 1.000000, 1.000000, 1.000000
X -0.003174, -0.829280, 0.558824
Y 0.999908, 0.004578, 0.012452
Z -0.012879, 0.558824, 0.829188

PART 68
OFFSET 23.556850, -1.467708, -3.533786
